[8, 2, 0, 0, 7, 6, 3, 5, 1, 4, 9]; 26
[1, 7, 6, 2, 0, 9, 3, 3, 3, 8, 4]; 30
[9, 3, 4, 2, 2, 2, 1, 5, 7, 8, 6]; 13
[3, 0, 0, 8, 4, 4, 2, 9, 5, 6, 6]; 149
[7, 7, 7, 3, 5, 6, 2, 2, 9, 1, 4]; 20
[1, 1, 5, 4, 4, 2, 2, 0, 8, 7, 3]; 3
[0, 7, 8, 2, 3, 5, 5, 5, 1, 9, 6]; 32
[3, 9, 1, 7, 0, 4, 2, 5, 8, 8, 6]; 34
[6, 2, 4, 7, 0, 9, 3, 1, 8, 5, 5]; 8
[2, 9, 3, 0, 5, 8, 4, 6, 1, 7, 7]; 52
[6, 3, 7, 7, 7, 2, 2, 5, 9, 8, 4]; 136
[0, 8, 2, 1, 7, 3, 9, 4, 6, 5, 5]; 180
[7, 0, 2, 4, 3, 5, 6, 6, 9, 1, 8]; 65
[2, 8, 4, 4, 7, 3, 9, 9, 9, 6, 6]; 242
[5, 0, 0, 6, 3, 2, 8, 8, 4, 1, 7]; 55
[0, 2, 1, 5, 7, 4, 9, 3, 6, 6, 6]; 162
[5, 0, 0, 3, 1, 8, 8, 8, 2, 2, 7]; 80
[2, 9, 3, 0, 5, 8, 4, 7, 1, 6, 2]; 37
[2, 0, 8, 4, 6, 3, 1, 1, 7, 9, 5]; 15
[1, 0, 8, 4, 2, 6, 3, 5, 7, 9, 9]; 182
[0, 4, 2, 8, 6, 3, 5, 9, 1, 7, 7]; 26
[3, 9, 2, 6, 0, 7, 7, 4, 8, 1, 5]; 21
[3, 0, 6, 2, 1, 4, 9, 5, 7, 8, 8]; 131
[9, 3, 3, 0, 4, 2, 1, 5, 8, 7, 6]; 10
[1, 0, 6, 3, 4, 2, 9, 8, 7, 5, 5]; 194
[7, 0, 5, 1, 9, 9, 3, 4, 2, 8, 6]; 159
[0, 8, 2, 5, 1, 1, 1, 3, 4, 4, 7]; 7
[7, 7, 0, 2, 5, 9, 3, 1, 4, 8, 6]; 35
[4, 4, 2, 2, 8, 7, 9, 3, 1, 5, 5]; 54
[3, 8, 2, 0, 6, 4, 4, 9, 1, 7, 5]; 39
[9, 3, 4, 2, 8, 8, 8, 5, 7, 6, 1]; 126
[6, 2, 0, 8, 4, 1, 5, 9, 3, 7, 7]; 75
[0, 2, 2, 9, 3, 1, 6, 5, 7, 8, 4]; 86
[2, 0, 0, 9, 3, 7, 1, 8, 4, 6, 5]; 47
[7, 2, 0, 0, 9, 3, 4, 1, 8, 6, 5]; 34
[4, 2, 8, 0, 9, 3, 1, 1, 7, 5, 6]; 12
[2, 6, 3, 0, 4, 1, 9, 7, 7, 5, 8]; 103
[2, 2, 1, 8, 4, 5, 5, 5, 9, 3, 6]; 155
[2, 7, 7, 7, 0, 9, 3, 3, 1, 4, 6]; 7
[5, 0, 6, 3, 7, 9, 1, 4, 4, 2, 2]; 5
[0, 3, 3, 4, 4, 2, 6, 1, 1, 7, 5]; 2
[3, 0, 8, 4, 2, 1, 6, 9, 9, 9, 5]; 101
[5, 5, 3, 0, 2, 6, 1, 7, 8, 4, 9]; 36
[8, 2, 7, 0, 9, 3, 4, 4, 6, 5, 1]; 55
[6, 6, 6, 3, 3, 5, 1, 8, 2, 4, 9]; 26
[3, 5, 0, 0, 2, 2, 4, 7, 1, 6, 8]; 11
[4, 4, 2, 0, 7, 1, 5, 6, 3, 8, 9]; 83
[6, 3, 7, 1, 0, 4, 2, 5, 9, 8, 4]; 32
[7, 2, 2, 0, 3, 4, 5, 5, 8, 6, 1]; 92
[8, 2, 0, 9, 3, 3, 5, 1, 7, 4, 6]; 17
[0, 4, 4, 2, 2, 5, 5, 3, 8, 1, 9]; 24
[2, 9, 3, 7, 4, 8, 5, 1, 6, 6, 6]; 21
[3, 3, 6, 2, 7, 8, 8, 4, 4, 5, 1]; 117
[2, 7, 7, 1, 5, 5, 9, 9, 3, 4, 8]; 219
[2, 3, 7, 6, 1, 5, 5, 9, 8, 4, 4]; 115
[9, 3, 4, 2, 0, 5, 7, 7, 7, 6, 1]; 19
[0, 8, 4, 2, 3, 1, 9, 7, 6, 5, 5]; 65
[0, 0, 5, 1, 7, 2, 8, 4, 4, 9, 3]; 128
[3, 3, 3, 7, 2, 1, 6, 6, 8, 4, 5]; 94
[2, 0, 0, 9, 3, 1, 7, 7, 6, 8, 4]; 95
[0, 2, 6, 3, 5, 1, 4, 4, 4, 8, 9]; 54
[0, 7, 8, 2, 9, 3, 6, 5, 4, 1, 1]; 41
[0, 2, 1, 6, 3, 9, 7, 7, 7, 7, 8]; 188
[0, 4, 2, 9, 3, 6, 6, 8, 5, 7, 1]; 110
[3, 0, 0, 7, 4, 2, 8, 6, 1, 1, 1]; 9
[4, 2, 9, 3, 0, 6, 6, 1, 7, 7, 8]; 15
[3, 8, 4, 2, 0, 5, 9, 1, 7, 6, 3]; 5
[2, 7, 6, 3, 0, 9, 1, 8, 4, 5, 5]; 15
[2, 0, 4, 9, 3, 8, 8, 7, 6, 1, 5]; 84
[5, 1, 2, 4, 6, 3, 3, 8, 8, 7, 7]; 157
[2, 1, 0, 0, 5, 5, 8, 8, 8, 4, 6]; 273
[7, 7, 3, 6, 6, 6, 2, 1, 8, 8, 4]; 31
[7, 5, 9, 9, 3, 1, 1, 2, 6, 4, 8]; 18
[7, 3, 3, 3, 3, 3, 2, 4, 6, 8, 9]; 111
[3, 3, 3, 3, 3, 2, 8, 4, 6, 7, 5]; 138
[5, 0, 8, 2, 2, 2, 1, 9, 3, 7, 6]; 14
[3, 8, 8, 2, 6, 6, 9, 9, 9, 9, 7]; 239
[0, 0, 3, 4, 2, 1, 7, 5, 5, 5, 8]; 63
[8, 8, 4, 2, 0, 9, 9, 9, 3, 3, 5]; 45
[5, 7, 9, 9, 3, 3, 3, 0, 8, 2, 6]; 1
[7, 8, 4, 2, 0, 3, 1, 1, 1, 9, 6]; 1
[6, 2, 9, 3, 0, 8, 4, 5, 1, 1, 7]; 1
[3, 0, 2, 1, 4, 5, 9, 9, 8, 6, 7]; 275
[3, 2, 7, 0, 4, 1, 1, 5, 6, 8, 9]; 11
[0, 7, 5, 5, 6, 2, 9, 3, 4, 1, 8]; 39
[4, 2, 0, 8, 1, 1, 3, 9, 7, 5, 6]; 43
[6, 2, 2, 5, 8, 4, 9, 3, 3, 1, 1]; 30
[3, 6, 6, 2, 0, 7, 9, 5, 5, 8, 4]; 61
[7, 9, 3, 0, 4, 2, 1, 8, 6, 6, 5]; 18
[0, 9, 3, 3, 1, 8, 8, 2, 6, 5, 4]; 79
[8, 2, 1, 0, 9, 3, 6, 4, 5, 7, 7]; 144
[6, 6, 3, 5, 8, 8, 8, 2, 1, 9, 4]; 61
[1, 3, 2, 2, 6, 6, 7, 7, 4, 4, 8]; 171
[8, 4, 2, 5, 3, 7, 7, 6, 0, 9, 9]; 1
[1, 3, 0, 9, 5, 2, 4, 4, 7, 8, 8]; 162
[0, 3, 2, 8, 4, 7, 7, 9, 1, 5, 6]; 52
[4, 2, 5, 0, 8, 8, 3, 9, 9, 7, 7]; 275
[9, 3, 3, 0, 2, 1, 6, 4, 8, 5, 5]; 38
[2, 0, 5, 8, 4, 1, 7, 3, 6, 9, 9]; 86
[5, 9, 3, 6, 6, 6, 2, 8, 8, 4, 1]; 97
[9, 3, 6, 2, 0, 4, 8, 5, 7, 7, 1]; 14
[6, 3, 4, 2, 0, 5, 1, 7, 7, 8, 9]; 13
[8, 2, 2, 2, 2, 2, 2, 9, 3, 6, 6]; 30
[3, 3, 0, 5, 5, 5, 8, 2, 2, 9, 6]; 108
[7, 0, 5, 2, 1, 8, 4, 6, 6, 3, 9]; 86
[0, 0, 4, 2, 5, 5, 8, 7, 3, 6, 9]; 206
[0, 6, 2, 2, 1, 1, 5, 4, 8, 7, 7]; 39
[8, 4, 2, 2, 0, 6, 3, 1, 7, 7, 9]; 6
[1, 8, 2, 0, 6, 3, 9, 5, 7, 4, 4]; 152
[5, 8, 2, 9, 3, 3, 7, 6, 6, 1, 4]; 47
[0, 3, 3, 4, 2, 2, 6, 9, 7, 1, 8]; 31
[0, 2, 2, 1, 3, 3, 4, 7, 7, 9, 9]; 150
[0, 5, 7, 9, 3, 6, 2, 8, 4, 1, 9]; 40
[7, 0, 8, 4, 2, 9, 3, 6, 5, 1, 2]; 28
[9, 3, 4, 2, 6, 1, 5, 5, 8, 8, 8]; 95
[0, 7, 5, 9, 3, 6, 2, 8, 8, 4, 1]; 92
[2, 2, 0, 0, 9, 9, 3, 6, 7, 7, 5]; 142
[5, 0, 7, 3, 6, 6, 2, 8, 4, 9, 1]; 102
[3, 0, 8, 2, 6, 9, 4, 1, 7, 7, 5]; 39
[1, 8, 4, 2, 0, 6, 3, 5, 7, 9, 9]; 50
[0, 8, 2, 2, 6, 3, 5, 7, 1, 1, 9]; 10
[0, 7, 1, 8, 2, 4, 9, 9, 3, 6, 5]; 180
[8, 4, 2, 0, 5, 9, 3, 1, 7, 6, 6]; 54
[2, 2, 5, 0, 3, 4, 7, 6, 8, 8, 9]; 269
[1, 0, 5, 3, 3, 2, 2, 8, 4, 9, 6]; 89
[6, 6, 3, 8, 4, 4, 2, 5, 1, 9, 7]; 16
[7, 2, 3, 4, 0, 8, 1, 1, 5, 5, 6]; 1
[8, 4, 2, 3, 9, 9, 9, 0, 7, 7, 6]; 1
[3, 0, 5, 1, 6, 6, 2, 9, 9, 8, 8]; 176
[0, 2, 1, 8, 4, 3, 5, 7, 9, 9, 6]; 245
[6, 2, 0, 0, 7, 3, 9, 5, 8, 4, 1]; 106
[5, 7, 4, 2, 2, 6, 3, 9, 8, 1, 1]; 19
[1, 0, 7, 6, 3, 8, 4, 2, 2, 9, 5]; 68
[2, 4, 3, 9, 9, 1, 7, 6, 8, 5, 5]; 115
[0, 8, 8, 8, 4, 2, 7, 1, 5, 6, 6]; 20
[2, 1, 7, 9, 9, 3, 5, 8, 8, 4, 6]; 256
[3, 3, 0, 9, 2, 7, 7, 7, 6, 4, 5]; 190
[7, 7, 2, 4, 1, 9, 3, 5, 8, 8, 6]; 137
[0, 8, 8, 2, 1, 6, 3, 7, 9, 4, 5]; 100
[7, 9, 3, 0, 6, 2, 1, 8, 4, 5, 5]; 30
[3, 6, 2, 7, 0, 8, 4, 1, 5, 5, 5]; 8
[2, 0, 6, 3, 4, 1, 8, 5, 5, 7, 9]; 109
[0, 0, 6, 3, 4, 2, 2, 5, 7, 9, 9]; 90
[1, 3, 0, 0, 9, 6, 2, 4, 5, 8, 7]; 162
[1, 1, 1, 7, 0, 4, 2, 6, 3, 3, 3]; 24
[1, 1, 1, 6, 3, 3, 4, 2, 2, 9, 7]; 53
[5, 6, 3, 0, 4, 4, 2, 1, 8, 8, 7]; 15
[8, 4, 2, 0, 5, 9, 3, 6, 7, 1, 7]; 48
[6, 3, 8, 4, 2, 2, 7, 7, 7, 1, 5]; 34
[0, 7, 9, 3, 1, 1, 5, 2, 2, 6, 4]; 11
[1, 9, 3, 7, 0, 5, 4, 2, 8, 6, 6]; 39
[0, 8, 2, 5, 9, 9, 3, 7, 4, 6, 1]; 112
[3, 1, 0, 7, 7, 4, 2, 8, 6, 5, 9]; 171
[5, 5, 3, 4, 2, 9, 8, 7, 1, 1, 6]; 18
[2, 9, 3, 4, 7, 8, 6, 6, 6, 1, 5]; 75
[0, 5, 3, 4, 2, 2, 8, 6, 1, 7, 9]; 21
[5, 0, 4, 2, 8, 3, 1, 7, 9, 6, 6]; 46
[0, 8, 4, 2, 6, 3, 3, 3, 5, 7, 9]; 85
[0, 3, 4, 2, 5, 5, 8, 9, 1, 6, 7]; 60
[7, 0, 6, 2, 9, 3, 4, 8, 5, 1, 3]; 53
[2, 1, 8, 4, 5, 5, 5, 5, 3, 7, 7]; 104
[5, 6, 6, 3, 0, 8, 4, 2, 9, 9, 1]; 29
[8, 8, 4, 2, 0, 6, 6, 3, 1, 7, 9]; 3
[0, 5, 6, 3, 9, 8, 8, 8, 2, 1, 4]; 88
[0, 0, 4, 2, 1, 8, 6, 6, 3, 5, 5]; 86
[2, 3, 4, 1, 0, 8, 9, 7, 6, 5, 5]; 64
[3, 3, 1, 1, 7, 2, 8, 4, 6, 5, 9]; 203
[3, 0, 9, 8, 2, 6, 5, 7, 7, 7, 1]; 98
[9, 3, 6, 2, 0, 8, 4, 7, 7, 5, 1]; 19
[4, 2, 5, 5, 0, 3, 3, 1, 6, 6, 7]; 3
[1, 7, 6, 2, 4, 9, 3, 0, 5, 5, 8]; 1
[9, 3, 0, 0, 2, 6, 7, 8, 4, 1, 5]; 37
[8, 2, 7, 5, 0, 3, 1, 9, 6, 4, 2]; 7
[1, 2, 0, 0, 8, 8, 4, 5, 9, 3, 6]; 206
[7, 0, 6, 2, 4, 8, 1, 5, 5, 9, 3]; 42
[0, 9, 3, 1, 6, 2, 5, 5, 5, 4, 8]; 140
[3, 0, 2, 2, 8, 4, 4, 1, 1, 1, 6]; 5
[5, 6, 3, 8, 4, 4, 2, 2, 1, 9, 7]; 4
[5, 5, 7, 0, 3, 6, 6, 6, 2, 2, 4]; 91
[6, 2, 5, 4, 4, 8, 8, 0, 7, 9, 3]; 1
[1, 4, 4, 2, 5, 8, 6, 3, 7, 7, 9]; 249
[3, 0, 9, 8, 4, 2, 1, 1, 1, 5, 6]; 3
[3, 0, 4, 2, 5, 7, 8, 6, 1, 9, 9]; 76
[3, 3, 1, 7, 2, 9, 9, 6, 5, 8, 4]; 246
[0, 9, 3, 1, 8, 2, 6, 7, 4, 5, 5]; 128
[3, 0, 7, 1, 4, 2, 9, 6, 6, 5, 8]; 202
[8, 4, 2, 1, 9, 3, 5, 7, 7, 7, 7]; 165
[4, 4, 2, 2, 5, 3, 3, 7, 6, 8, 9]; 158
[3, 0, 7, 5, 9, 8, 2, 4, 1, 6, 3]; 26
[5, 7, 6, 2, 2, 2, 9, 3, 1, 1, 4]; 8
[7, 9, 3, 0, 5, 5, 6, 6, 2, 1, 8]; 53
[3, 4, 2, 0, 8, 6, 5, 1, 7, 9, 3]; 48
[0, 8, 2, 9, 3, 1, 6, 7, 5, 4, 2]; 75
[3, 3, 7, 1, 0, 4, 2, 8, 5, 9, 6]; 54
[8, 2, 7, 0, 9, 9, 3, 5, 6, 1, 1]; 34
[2, 5, 0, 0, 9, 3, 6, 8, 4, 1, 1]; 36
[1, 1, 0, 3, 4, 2, 7, 5, 6, 9, 8]; 151
[3, 8, 8, 2, 1, 1, 9, 7, 4, 5, 5]; 40
[9, 3, 2, 0, 8, 4, 5, 1, 6, 7, 7]; 49
[0, 4, 2, 1, 6, 3, 5, 7, 8, 9, 3]; 193
[0, 6, 2, 7, 9, 9, 9, 3, 4, 5, 8]; 219
[0, 6, 3, 8, 4, 2, 5, 9, 1, 7, 7]; 28
[0, 0, 4, 2, 1, 1, 8, 5, 5, 6, 3]; 42
[6, 2, 0, 4, 3, 3, 8, 7, 7, 1, 5]; 53
[4, 2, 0, 6, 3, 9, 7, 5, 1, 8, 2]; 40
[6, 2, 9, 3, 5, 5, 5, 0, 0, 4, 4]; 1
[3, 7, 6, 2, 2, 8, 4, 1, 1, 1, 9]; 4
[0, 3, 1, 5, 4, 4, 2, 9, 8, 7, 7]; 199
[0, 8, 4, 2, 7, 3, 5, 1, 1, 6, 6]; 9
[0, 0, 7, 1, 6, 6, 2, 9, 3, 5, 8]; 150
[5, 5, 6, 2, 0, 9, 3, 3, 7, 8, 4]; 50
[1, 1, 7, 0, 8, 4, 2, 6, 6, 3, 9]; 137
[2, 0, 0, 5, 4, 4, 9, 3, 7, 8, 1]; 90
[4, 2, 5, 5, 1, 8, 6, 6, 6, 3, 9]; 114
[4, 4, 2, 7, 0, 9, 3, 1, 5, 8, 6]; 9
[5, 5, 0, 7, 6, 6, 2, 2, 2, 9, 9]; 69
[1, 7, 0, 5, 8, 4, 4, 2, 3, 9, 6]; 137
[6, 2, 0, 0, 9, 3, 8, 4, 7, 5, 1]; 85
[0, 4, 4, 2, 8, 7, 7, 1, 6, 3, 9]; 45
[0, 0, 9, 3, 3, 4, 2, 6, 1, 1, 7]; 6
[1, 5, 5, 6, 6, 3, 4, 2, 7, 8, 8]; 128
[0, 7, 1, 9, 3, 3, 8, 2, 5, 4, 6]; 96
[2, 4, 9, 3, 0, 7, 7, 1, 5, 8, 6]; 14
[6, 3, 3, 3, 5, 1, 8, 4, 2, 7, 7]; 54
[0, 9, 9, 3, 8, 4, 2, 5, 6, 1, 7]; 29
[5, 4, 4, 2, 2, 9, 3, 8, 6, 1, 7]; 44
[0, 9, 3, 3, 2, 1, 7, 6, 4, 4, 5]; 50
[0, 4, 2, 9, 3, 8, 1, 5, 6, 7, 7]; 50
[8, 4, 4, 4, 2, 2, 7, 3, 6, 9, 1]; 44
[7, 7, 3, 3, 0, 5, 8, 2, 6, 4, 1]; 18
[4, 2, 0, 3, 1, 5, 5, 5, 9, 7, 6]; 98
[0, 7, 2, 8, 4, 3, 5, 1, 9, 6, 6]; 28
[7, 3, 1, 6, 6, 6, 2, 9, 4, 8, 8]; 182
[0, 2, 3, 1, 4, 5, 9, 7, 8, 8, 6]; 282
[0, 5, 4, 2, 3, 9, 8, 1, 1, 1, 1]; 11
[0, 8, 4, 2, 3, 1, 7, 5, 6, 9, 3]; 67
[9, 3, 2, 2, 0, 4, 1, 7, 8, 6, 5]; 4
[2, 3, 0, 8, 4, 6, 7, 5, 9, 1, 5]; 68
[0, 7, 6, 3, 3, 9, 8, 4, 4, 4, 2]; 127
[0, 0, 0, 8, 2, 1, 7, 5, 4, 3, 9]; 63
[4, 2, 0, 3, 1, 5, 6, 8, 8, 7, 9]; 137
[6, 2, 1, 7, 0, 8, 4, 3, 3, 3, 5]; 27
[3, 3, 8, 2, 6, 1, 1, 7, 7, 5, 9]; 20
[2, 2, 5, 0, 6, 3, 9, 1, 4, 8, 7]; 34
[8, 2, 0, 3, 1, 9, 5, 6, 7, 4, 4]; 108
[7, 7, 0, 4, 2, 9, 9, 9, 3, 5, 8]; 214
[5, 0, 3, 3, 6, 2, 1, 4, 7, 8, 9]; 59
[6, 3, 3, 5, 5, 7, 8, 8, 8, 8, 4]; 259
[0, 8, 8, 4, 2, 1, 1, 3, 5, 9, 6]; 9
[8, 2, 2, 1, 6, 3, 5, 9, 9, 9, 9]; 159
[0, 0, 0, 2, 5, 8, 4, 4, 3, 9, 6]; 154
[0, 0, 0, 6, 2, 1, 1, 9, 3, 7, 8]; 9
[6, 3, 4, 4, 2, 9, 7, 7, 1, 1, 1]; 11
[0, 7, 2, 6, 3, 9, 4, 8, 1, 5, 5]; 39
[4, 4, 2, 1, 0, 6, 3, 7, 8, 8, 9]; 73
[9, 3, 4, 2, 0, 5, 1, 7, 8, 6, 6]; 12
[6, 6, 2, 1, 0, 5, 9, 3, 3, 8, 4]; 37
[0, 7, 5, 1, 1, 8, 2, 6, 3, 4, 9]; 62
[3, 3, 3, 2, 9, 5, 5, 1, 7, 4, 4]; 39
[3, 0, 5, 7, 6, 2, 8, 4, 4, 1, 9]; 39
[3, 3, 3, 1, 0, 2, 9, 5, 7, 8, 8]; 61
[8, 2, 6, 3, 3, 7, 9, 5, 4, 1, 1]; 30
[0, 4, 4, 2, 3, 1, 5, 6, 7, 8, 8]; 75
[0, 5, 5, 5, 4, 2, 9, 3, 3, 1, 6]; 32
[0, 0, 2, 5, 7, 7, 8, 4, 6, 3, 9]; 224
[0, 0, 5, 9, 3, 6, 2, 4, 7, 7, 1]; 86
[0, 5, 6, 3, 1, 1, 8, 4, 2, 9, 7]; 26
[5, 0, 4, 2, 8, 6, 3, 7, 9, 1, 6]; 64
[1, 6, 3, 3, 8, 2, 4, 9, 7, 7, 5]; 188
[8, 4, 2, 5, 0, 6, 3, 3, 1, 1, 7]; 4
[3, 0, 9, 2, 2, 1, 6, 5, 4, 8, 7]; 32
[5, 0, 0, 9, 9, 3, 6, 6, 2, 2, 7]; 81
[2, 0, 9, 3, 5, 1, 4, 7, 7, 6, 8]; 89
[4, 2, 7, 0, 3, 1, 5, 6, 8, 9, 3]; 99
[5, 8, 8, 2, 1, 1, 7, 9, 3, 4, 6]; 36
[5, 1, 9, 3, 7, 2, 2, 6, 4, 4, 8]; 73
[4, 2, 3, 6, 0, 7, 1, 9, 8, 5, 5]; 17
[0, 6, 2, 2, 8, 4, 7, 9, 3, 1, 1]; 45
[4, 4, 4, 2, 0, 3, 1, 9, 7, 8, 6]; 8
[0, 3, 5, 9, 8, 2, 1, 1, 7, 4, 6]; 12
[5, 3, 1, 0, 8, 4, 2, 9, 6, 7, 7]; 181
[0, 4, 2, 1, 1, 1, 1, 6, 3, 3, 9]; 9
[3, 0, 4, 2, 2, 8, 5, 6, 1, 9, 7]; 27
[9, 3, 3, 8, 4, 2, 1, 5, 5, 5, 5]; 10
[4, 2, 0, 6, 6, 3, 9, 1, 7, 5, 8]; 51
[5, 0, 2, 1, 7, 3, 8, 4, 9, 6, 3]; 172
[0, 8, 2, 5, 7, 9, 3, 1, 4, 6, 3]; 27
[6, 3, 1, 1, 0, 4, 2, 7, 7, 5, 9]; 51
[5, 0, 0, 4, 4, 2, 9, 3, 6, 1, 8]; 35
[4, 4, 2, 0, 8, 6, 3, 1, 1, 1, 7]; 7
[4, 2, 2, 2, 8, 6, 3, 3, 9, 5, 7]; 151
[7, 7, 2, 2, 5, 6, 3, 0, 9, 9, 4]; 2
[0, 6, 2, 1, 3, 4, 7, 9, 9, 9, 8]; 260
[6, 3, 0, 8, 4, 2, 9, 7, 1, 5, 5]; 23
[4, 2, 1, 0, 3, 6, 9, 8, 7, 5, 5]; 262
[8, 2, 0, 5, 6, 3, 1, 7, 9, 4, 4]; 53
[1, 1, 3, 3, 0, 7, 2, 2, 9, 5, 6]; 31
[0, 7, 8, 4, 2, 6, 3, 5, 5, 9, 1]; 57
[1, 1, 9, 9, 3, 3, 4, 4, 2, 7, 6]; 87
[5, 2, 2, 0, 3, 1, 6, 9, 7, 4, 8]; 148
[1, 2, 9, 3, 0, 6, 5, 8, 4, 7, 7]; 52
[9, 3, 0, 0, 4, 2, 1, 6, 8, 7, 5]; 15
[0, 8, 4, 2, 3, 3, 9, 1, 7, 6, 5]; 22
[1, 1, 6, 2, 0, 7, 8, 8, 8, 4, 5]; 77
[7, 2, 4, 3, 0, 6, 5, 8, 9, 1, 4]; 24
[4, 2, 0, 0, 7, 1, 8, 6, 6, 3, 3]; 45
[7, 2, 4, 8, 0, 3, 5, 9, 6, 1, 5]; 9
[3, 6, 2, 0, 9, 1, 5, 7, 4, 8, 2]; 71
[2, 0, 4, 1, 5, 7, 8, 9, 3, 6, 2]; 238
[5, 0, 7, 7, 1, 8, 2, 6, 3, 3, 9]; 51
[8, 2, 5, 0, 3, 9, 6, 1, 4, 7, 7]; 46
[2, 0, 8, 4, 1, 7, 9, 3, 6, 5, 5]; 85
[0, 5, 1, 4, 2, 6, 6, 3, 9, 9, 7]; 206
[7, 6, 3, 5, 5, 5, 5, 1, 1, 2, 8]; 10
[5, 5, 6, 3, 3, 3, 9, 1, 2, 8, 4]; 6
[9, 3, 8, 4, 2, 6, 1, 1, 1, 5, 7]; 1
[8, 4, 2, 0, 5, 7, 9, 3, 1, 6, 2]; 41
[0, 3, 6, 2, 9, 9, 1, 8, 4, 7, 5]; 49
[7, 1, 2, 0, 9, 3, 6, 4, 5, 8, 8]; 154
[6, 2, 0, 4, 4, 8, 5, 9, 3, 7, 1]; 111
[2, 9, 3, 0, 8, 4, 5, 7, 6, 1, 1]; 38
[2, 2, 9, 3, 0, 6, 6, 1, 8, 4, 7]; 9
[6, 3, 0, 8, 4, 2, 1, 7, 7, 5, 5]; 29
[5, 8, 2, 2, 7, 4, 4, 1, 9, 3, 6]; 24
[0, 6, 3, 1, 1, 4, 2, 8, 9, 7, 5]; 80
[6, 3, 8, 4, 4, 2, 5, 9, 7, 7, 1]; 70
[2, 4, 7, 7, 0, 3, 3, 1, 5, 8, 9]; 4
[0, 2, 8, 8, 4, 9, 3, 1, 1, 5, 7]; 10
[5, 0, 3, 3, 3, 7, 2, 6, 8, 4, 1]; 85
[2, 0, 6, 3, 3, 4, 7, 5, 8, 1, 9]; 62
[7, 5, 3, 0, 8, 2, 1, 4, 4, 6, 9]; 20
[0, 0, 4, 2, 5, 8, 8, 6, 3, 1, 7]; 74
[9, 3, 0, 6, 2, 2, 5, 5, 8, 4, 7]; 115
[0, 2, 6, 3, 7, 8, 4, 9, 1, 5, 5]; 48
[0, 3, 1, 4, 2, 5, 8, 9, 7, 6, 2]; 198
[3, 7, 2, 2, 0, 6, 5, 1, 4, 9, 8]; 5
[3, 3, 4, 2, 0, 8, 8, 5, 1, 1, 1]; 4
[8, 4, 4, 2, 0, 7, 7, 6, 3, 9, 1]; 22
[6, 2, 0, 4, 4, 4, 7, 8, 5, 9, 3]; 184
[8, 2, 0, 7, 5, 9, 3, 4, 1, 6, 6]; 25
[7, 6, 2, 0, 4, 9, 3, 5, 8, 1, 2]; 31
[0, 5, 6, 3, 9, 7, 4, 2, 1, 8, 4]; 38
[6, 3, 4, 2, 0, 9, 7, 1, 8, 8, 5]; 9
[0, 5, 1, 2, 7, 3, 4, 4, 4, 8, 6]; 131
[2, 6, 3, 0, 5, 5, 9, 1, 4, 7, 8]; 38
[9, 3, 5, 7, 7, 7, 6, 2, 4, 4, 1]; 92
[4, 2, 7, 1, 0, 6, 3, 9, 9, 8, 5]; 77
[4, 2, 0, 7, 1, 1, 5, 6, 3, 3, 8]; 21
[0, 3, 1, 5, 9, 7, 2, 6, 8, 8, 4]; 226
[1, 1, 2, 7, 0, 8, 4, 4, 3, 9, 5]; 44
[0, 2, 6, 3, 4, 8, 1, 9, 5, 7, 7]; 61
[3, 7, 9, 0, 8, 4, 4, 2, 1, 5, 5]; 29
[5, 4, 2, 7, 1, 8, 8, 8, 6, 3, 9]; 119
[7, 0, 4, 2, 8, 5, 5, 9, 3, 6, 1]; 100
[1, 6, 6, 6, 3, 5, 5, 4, 2, 8, 8]; 132
[3, 0, 7, 1, 6, 6, 6, 2, 9, 4, 5]; 155
[5, 0, 8, 2, 1, 4, 9, 3, 3, 7, 6]; 58
[0, 5, 6, 2, 4, 8, 8, 7, 3, 1, 9]; 57
[6, 2, 8, 4, 0, 5, 9, 3, 1, 7, 7]; 10
[7, 6, 2, 1, 4, 4, 9, 3, 5, 5, 8]; 129
[0, 6, 3, 9, 9, 1, 5, 5, 2, 4, 8]; 60
[3, 2, 0, 6, 7, 8, 8, 4, 1, 1, 9]; 29
[9, 3, 5, 0, 8, 2, 6, 1, 4, 4, 7]; 15
[2, 5, 9, 3, 3, 6, 1, 7, 7, 8, 4]; 60
[8, 4, 2, 7, 9, 3, 3, 1, 1, 6, 6]; 5
[7, 9, 9, 3, 6, 6, 2, 2, 5, 1, 8]; 24
[1, 6, 3, 9, 0, 7, 8, 4, 2, 5, 5]; 41
[0, 6, 2, 1, 1, 1, 9, 3, 5, 7, 4]; 33
[4, 2, 6, 3, 7, 1, 9, 9, 9, 8, 8]; 109
[5, 7, 7, 9, 3, 4, 2, 8, 1, 1, 6]; 13
[3, 3, 3, 0, 4, 2, 8, 7, 9, 5, 5]; 139
[6, 2, 0, 5, 5, 5, 1, 4, 9, 3, 3]; 21
[0, 8, 2, 6, 3, 9, 7, 1, 5, 4, 4]; 31
[9, 9, 9, 3, 5, 8, 4, 2, 2, 6, 6]; 71
[0, 5, 9, 3, 2, 4, 6, 8, 7, 1, 9]; 56
[1, 0, 2, 2, 6, 3, 8, 4, 5, 9, 7]; 212
[1, 8, 2, 5, 5, 5, 6, 3, 7, 4, 4]; 141
[3, 0, 0, 4, 2, 8, 9, 5, 7, 7, 1]; 120
[9, 3, 7, 0, 6, 6, 2, 4, 8, 8, 8]; 163
[0, 0, 6, 2, 5, 4, 4, 7, 8, 9, 9]; 215
[0, 9, 9, 3, 1, 4, 2, 2, 6, 7, 8]; 28
[0, 0, 0, 4, 2, 6, 3, 3, 7, 9, 1]; 54
[0, 0, 5, 7, 3, 9, 6, 2, 2, 4, 8]; 96
[9, 3, 7, 8, 4, 4, 2, 6, 6, 5, 1]; 64
[4, 2, 8, 6, 6, 3, 1, 9, 9, 5, 5]; 59
[0, 2, 7, 3, 8, 4, 5, 9, 1, 6, 3]; 33
[0, 9, 3, 3, 7, 7, 2, 5, 5, 8, 4]; 166
[1, 6, 2, 8, 4, 9, 3, 0, 5, 5, 7]; 1
[3, 6, 2, 4, 9, 9, 8, 7, 1, 1, 5]; 32
[4, 2, 7, 3, 0, 8, 1, 1, 9, 6, 5]; 4
[7, 1, 0, 4, 2, 3, 3, 3, 5, 8, 9]; 69
[7, 2, 4, 0, 6, 3, 3, 5, 9, 1, 8]; 32
[0, 4, 2, 1, 6, 3, 5, 7, 9, 8, 8]; 219
[9, 3, 3, 4, 2, 2, 1, 8, 8, 7, 5]; 10
[7, 0, 9, 3, 1, 2, 2, 8, 4, 5, 6]; 50
[2, 0, 3, 1, 7, 4, 8, 6, 6, 5, 9]; 208
[1, 0, 5, 7, 7, 3, 2, 4, 8, 6, 9]; 175
[1, 2, 7, 0, 8, 4, 3, 9, 9, 5, 6]; 218
[5, 1, 0, 3, 4, 2, 9, 8, 7, 6, 3]; 174
[3, 8, 2, 0, 4, 9, 7, 6, 1, 5, 5]; 52
[7, 2, 5, 8, 4, 3, 6, 1, 1, 1, 9]; 6
[9, 3, 3, 0, 2, 2, 7, 8, 4, 4, 6]; 100
[7, 5, 1, 1, 3, 9, 2, 8, 4, 6, 6]; 167
[2, 0, 9, 9, 3, 3, 1, 7, 8, 8, 4]; 55
[7, 7, 2, 0, 5, 6, 3, 8, 4, 1, 1]; 31
[7, 0, 4, 2, 8, 1, 9, 3, 6, 5, 5]; 68
[8, 4, 4, 2, 6, 6, 3, 5, 1, 9, 7]; 26
[6, 6, 2, 0, 8, 4, 9, 3, 1, 5, 7]; 44
[4, 4, 2, 2, 8, 3, 9, 7, 6, 1, 5]; 71
[2, 0, 6, 6, 3, 7, 7, 7, 5, 1, 1]; 50
[2, 3, 3, 6, 9, 4, 4, 0, 5, 5, 7]; 1
[0, 4, 2, 2, 8, 6, 3, 1, 9, 7, 5]; 49
[7, 0, 5, 9, 3, 1, 4, 2, 8, 6, 6]; 63
[0, 6, 3, 5, 2, 7, 4, 8, 9, 1, 6]; 72
[3, 3, 0, 6, 2, 7, 5, 8, 4, 9, 9]; 196
[6, 3, 0, 9, 9, 7, 7, 5, 5, 8, 4]; 215
[2, 5, 3, 3, 0, 8, 4, 9, 1, 6, 7]; 11
[7, 2, 4, 0, 3, 3, 1, 1, 9, 6, 5]; 2
[7, 0, 5, 3, 3, 6, 2, 1, 1, 9, 9]; 9
[0, 9, 3, 7, 8, 4, 2, 6, 1, 5, 5]; 14
[0, 5, 1, 4, 2, 7, 8, 9, 3, 6, 6]; 202
[8, 4, 4, 2, 5, 5, 3, 9, 9, 6, 1]; 114
[2, 6, 3, 3, 0, 8, 8, 8, 8, 4, 4]; 45
[2, 2, 5, 7, 0, 8, 4, 3, 9, 1, 6]; 10
[1, 8, 2, 0, 7, 7, 9, 3, 6, 5, 4]; 180
[3, 4, 2, 7, 7, 6, 6, 9, 1, 8, 8]; 56
[0, 5, 1, 1, 2, 4, 7, 7, 9, 3, 8]; 207
[9, 3, 3, 3, 2, 7, 6, 6, 4, 5, 1]; 87
[7, 3, 0, 6, 2, 1, 4, 9, 5, 8, 4]; 48
[0, 0, 0, 8, 2, 7, 9, 3, 4, 4, 4]; 95
[5, 5, 2, 2, 0, 9, 3, 4, 4, 7, 8]; 53
[0, 0, 8, 2, 5, 7, 6, 3, 1, 4, 4]; 41
[0, 3, 5, 8, 8, 4, 4, 2, 2, 9, 7]; 81
[3, 1, 8, 4, 4, 2, 5, 5, 9, 6, 7]; 167
[6, 3, 9, 1, 0, 5, 2, 7, 4, 8, 2]; 31
[8, 4, 2, 0, 9, 3, 5, 6, 7, 1, 1]; 33
[9, 9, 3, 7, 2, 2, 2, 6, 6, 1, 8]; 21
[6, 2, 0, 9, 3, 7, 1, 4, 5, 8, 4]; 17
[9, 9, 3, 8, 2, 2, 1, 5, 6, 4, 7]; 22
[0, 5, 1, 7, 6, 3, 3, 4, 2, 9, 8]; 105
[2, 0, 6, 6, 3, 1, 1, 5, 7, 8, 4]; 22
[3, 7, 0, 2, 8, 4, 6, 9, 1, 5, 5]; 43
[0, 0, 5, 5, 1, 7, 6, 6, 3, 3, 9]; 83
[3, 5, 9, 0, 7, 7, 1, 4, 4, 2, 6]; 18
[3, 9, 8, 2, 4, 1, 7, 7, 5, 6, 6]; 60
[0, 6, 3, 3, 5, 7, 1, 8, 4, 2, 9]; 32
[1, 1, 5, 8, 2, 6, 3, 3, 3, 7, 7]; 92
[0, 0, 5, 4, 2, 7, 7, 7, 1, 8, 9]; 38
[7, 1, 6, 3, 0, 5, 8, 2, 4, 9, 9]; 50
[0, 9, 9, 3, 2, 4, 7, 8, 6, 5, 5]; 209
[5, 2, 2, 1, 8, 8, 4, 7, 9, 3, 6]; 206
[0, 7, 7, 1, 1, 8, 4, 2, 9, 3, 5]; 88
[1, 1, 4, 4, 2, 8, 8, 6, 3, 9, 9]; 222
[2, 6, 3, 7, 0, 8, 4, 9, 1, 5, 5]; 9
[9, 3, 0, 6, 2, 1, 1, 5, 7, 7, 7]; 10
[4, 2, 0, 9, 3, 5, 1, 7, 6, 8, 8]; 60
[8, 2, 5, 0, 4, 7, 6, 6, 3, 1, 9]; 61
[7, 5, 0, 4, 2, 3, 6, 6, 8, 9, 1]; 71
[4, 2, 7, 1, 8, 3, 6, 9, 9, 9, 5]; 271
[0, 6, 2, 2, 3, 4, 5, 1, 7, 9, 8]; 24
[0, 0, 3, 3, 5, 2, 1, 1, 4, 9, 7]; 4
[0, 9, 3, 3, 8, 2, 5, 7, 4, 1, 6]; 49
[2, 5, 7, 7, 8, 4, 6, 6, 3, 1, 1]; 41
[1, 4, 2, 2, 9, 3, 6, 5, 8, 8, 7]; 258
[2, 5, 0, 9, 3, 6, 7, 1, 1, 8, 4]; 14
[3, 3, 9, 1, 1, 8, 4, 2, 5, 6, 6]; 75
[4, 2, 8, 1, 0, 5, 7, 6, 3, 3, 3]; 35
[0, 4, 4, 2, 1, 1, 3, 8, 5, 5, 5]; 34
[5, 8, 2, 3, 0, 6, 1, 9, 9, 7, 7]; 23
[9, 3, 3, 7, 7, 7, 6, 2, 8, 4, 1]; 108
[0, 6, 6, 3, 8, 2, 9, 7, 5, 1, 4]; 63
[3, 4, 2, 6, 0, 9, 1, 1, 8, 5, 7]; 3
[2, 5, 0, 7, 3, 3, 1, 8, 4, 6, 9]; 44
[5, 0, 7, 8, 2, 6, 3, 4, 9, 1, 3]; 29
[0, 7, 4, 2, 6, 6, 3, 5, 8, 8, 8]; 174
[8, 2, 1, 4, 0, 3, 9, 5, 6, 7, 7]; 63
[3, 3, 5, 5, 7, 7, 9, 6, 2, 8, 4]; 237
[9, 3, 1, 0, 5, 4, 4, 2, 6, 6, 6]; 118
[5, 0, 6, 2, 4, 7, 8, 8, 3, 3, 9]; 192
[5, 2, 3, 3, 3, 4, 9, 8, 6, 1, 7]; 60
[3, 8, 4, 4, 4, 2, 9, 7, 7, 6, 6]; 189
[1, 6, 3, 0, 9, 5, 8, 2, 7, 4, 4]; 177
[0, 5, 7, 4, 2, 8, 1, 6, 3, 9, 3]; 28
[1, 2, 0, 4, 7, 6, 3, 8, 5, 9, 9]; 232
[7, 2, 2, 1, 8, 4, 3, 5, 5, 9, 9]; 189
[0, 6, 3, 7, 8, 4, 4, 2, 9, 5, 1]; 75
[1, 4, 2, 2, 9, 9, 3, 0, 0, 5, 8]; 1
[6, 2, 2, 2, 0, 9, 3, 1, 4, 7, 8]; 7
[9, 9, 3, 5, 8, 8, 4, 4, 2, 1, 6]; 42
[3, 2, 2, 1, 7, 8, 8, 8, 4, 4, 5]; 242
[0, 0, 9, 3, 6, 2, 8, 8, 4, 7, 5]; 197
[2, 4, 8, 5, 0, 9, 3, 1, 6, 7, 7]; 11
[0, 5, 9, 3, 8, 4, 2, 6, 1, 7, 7]; 17
[2, 8, 4, 1, 0, 6, 3, 3, 7, 5, 5]; 39
[8, 2, 3, 0, 7, 6, 4, 9, 1, 5, 5]; 38
[8, 4, 4, 2, 2, 9, 3, 7, 5, 6, 1]; 68
[1, 9, 3, 3, 0, 7, 6, 6, 2, 4, 8]; 52
[5, 5, 0, 9, 3, 7, 2, 1, 4, 4, 6]; 15
[6, 2, 0, 4, 4, 1, 5, 5, 9, 3, 8]; 67
[7, 7, 1, 5, 5, 9, 3, 8, 8, 4, 4]; 174
[1, 3, 4, 2, 0, 5, 7, 7, 6, 8, 9]; 72
[0, 5, 5, 5, 3, 1, 1, 1, 6, 2, 8]; 5
[6, 6, 6, 3, 3, 8, 8, 4, 4, 4, 2]; 112
[0, 0, 4, 4, 2, 5, 3, 6, 9, 1, 8]; 34
[1, 4, 2, 7, 6, 3, 3, 0, 9, 5, 8]; 2
[7, 7, 8, 2, 1, 9, 3, 3, 4, 4, 6]; 55
[4, 2, 1, 1, 5, 7, 9, 3, 3, 6, 8]; 176
[6, 6, 2, 2, 9, 3, 5, 7, 1, 8, 4]; 29
[6, 3, 0, 8, 4, 4, 2, 9, 7, 5, 1]; 78
[0, 9, 3, 6, 2, 7, 8, 4, 1, 5, 5]; 44
[2, 5, 7, 0, 9, 3, 1, 6, 4, 8, 8]; 48
[9, 3, 2, 6, 0, 5, 8, 8, 8, 4, 1]; 34
[8, 4, 2, 3, 0, 9, 5, 7, 7, 6, 1]; 33
[5, 4, 2, 1, 0, 6, 3, 7, 9, 8, 2]; 65
[3, 9, 6, 6, 2, 5, 5, 7, 1, 8, 8]; 38
[0, 4, 2, 5, 8, 6, 3, 3, 3, 1, 9]; 35
[0, 2, 2, 2, 4, 6, 3, 9, 7, 5, 1]; 93
[0, 8, 2, 5, 3, 7, 6, 6, 1, 4, 9]; 51
[2, 2, 0, 4, 5, 1, 9, 3, 7, 6, 8]; 103
[8, 2, 0, 9, 3, 7, 1, 6, 4, 5, 5]; 27
[0, 8, 2, 1, 1, 3, 6, 9, 5, 5, 4]; 104
[6, 3, 3, 3, 4, 2, 8, 8, 5, 5, 7]; 160
[4, 2, 3, 9, 0, 7, 7, 8, 1, 5, 6]; 9
[0, 4, 4, 2, 8, 7, 1, 3, 5, 5, 9]; 40
[0, 6, 6, 6, 3, 1, 1, 8, 8, 2, 2]; 12
[3, 5, 8, 8, 4, 4, 2, 9, 9, 7, 7]; 205
[9, 3, 0, 0, 8, 2, 2, 7, 7, 6, 1]; 57
[4, 4, 2, 2, 2, 7, 6, 6, 3, 3, 3]; 60
[8, 2, 2, 0, 7, 3, 5, 1, 1, 6, 9]; 11
[5, 5, 6, 6, 6, 6, 2, 2, 4, 8, 9]; 78
[0, 9, 3, 4, 2, 1, 5, 6, 8, 8, 7]; 87
[0, 6, 2, 7, 4, 4, 9, 3, 1, 8, 8]; 31
[4, 2, 7, 0, 6, 3, 1, 1, 5, 9, 8]; 11
[0, 8, 2, 5, 1, 6, 3, 4, 4, 9, 7]; 87
[7, 7, 7, 1, 9, 9, 3, 6, 6, 6, 2]; 160
[4, 4, 2, 0, 3, 5, 7, 1, 8, 9, 6]; 52
[3, 4, 2, 5, 0, 9, 7, 8, 1, 1, 6]; 8
[4, 2, 0, 3, 6, 8, 5, 1, 9, 9, 9]; 43
[2, 7, 4, 4, 3, 6, 6, 9, 5, 1, 8]; 70
[0, 3, 3, 9, 1, 8, 4, 4, 2, 5, 6]; 64
[0, 3, 9, 1, 1, 4, 2, 6, 7, 5, 8]; 60
[0, 5, 6, 6, 2, 7, 1, 1, 3, 3, 8]; 4
[0, 5, 5, 2, 6, 3, 1, 1, 8, 4, 4]; 9
[7, 3, 8, 2, 0, 4, 1, 5, 9, 9, 9]; 7
[9, 3, 1, 1, 0, 4, 2, 5, 8, 7, 6]; 46
[2, 0, 3, 4, 9, 7, 6, 6, 6, 5, 5]; 184
[0, 3, 8, 8, 4, 2, 5, 9, 7, 6, 1]; 77
[7, 8, 8, 8, 4, 2, 2, 2, 9, 3, 3]; 45
[0, 0, 7, 9, 9, 3, 3, 5, 5, 2, 1]; 54
[7, 3, 2, 6, 0, 8, 4, 5, 5, 1, 9]; 15
[0, 2, 4, 5, 8, 1, 7, 3, 9, 6, 6]; 106
[1, 7, 5, 8, 2, 6, 3, 0, 9, 4, 4]; 1
[8, 8, 4, 2, 6, 6, 3, 9, 7, 1, 1]; 33
[6, 3, 8, 4, 4, 2, 2, 2, 2, 5, 5]; 30
[6, 3, 9, 9, 0, 4, 2, 2, 8, 1, 7]; 5
[5, 1, 8, 2, 9, 9, 3, 7, 6, 6, 4]; 182
[5, 0, 9, 3, 1, 7, 2, 4, 8, 6, 2]; 58
[0, 6, 3, 5, 1, 2, 2, 8, 4, 4, 7]; 43
[3, 0, 8, 4, 2, 1, 5, 9, 7, 6, 6]; 92
[9, 3, 5, 0, 2, 8, 8, 4, 7, 6, 1]; 65
[8, 2, 2, 4, 7, 3, 3, 1, 9, 6, 5]; 33
[4, 2, 8, 8, 7, 5, 6, 3, 9, 9, 1]; 116
[5, 0, 3, 1, 2, 8, 4, 7, 7, 9, 9]; 252
[3, 0, 6, 6, 2, 7, 8, 4, 1, 9, 5]; 56
[0, 5, 5, 3, 4, 2, 8, 8, 6, 1, 1]; 19
[0, 8, 4, 4, 4, 2, 1, 6, 3, 3, 9]; 10
[6, 2, 2, 1, 8, 8, 4, 4, 5, 9, 3]; 179
[0, 9, 3, 4, 2, 2, 5, 6, 7, 8, 1]; 43
[9, 3, 6, 2, 8, 8, 4, 1, 1, 1, 5]; 9
[4, 2, 0, 7, 7, 7, 5, 5, 6, 3, 9]; 162
[5, 9, 3, 3, 6, 2, 4, 7, 1, 8, 8]; 26
[9, 3, 0, 7, 2, 1, 6, 8, 4, 5, 5]; 73
[7, 6, 3, 2, 0, 4, 4, 5, 1, 1, 8]; 2
[4, 2, 0, 3, 5, 9, 9, 9, 1, 8, 6]; 64
[1, 1, 0, 3, 9, 7, 2, 6, 4, 4, 8]; 140
[7, 2, 0, 6, 3, 8, 8, 4, 9, 5, 1]; 106
[5, 0, 2, 3, 8, 8, 4, 1, 1, 9, 6]; 19
[0, 2, 1, 1, 5, 7, 7, 6, 3, 3, 9]; 171
[9, 3, 5, 6, 6, 2, 1, 7, 8, 4, 4]; 52
[9, 3, 1, 1, 4, 2, 8, 8, 8, 8, 7]; 136
[8, 8, 2, 2, 1, 6, 3, 5, 7, 9, 4]; 97
[7, 7, 1, 0, 4, 2, 3, 9, 8, 8, 5]; 128
[2, 3, 4, 0, 9, 9, 1, 1, 8, 5, 6]; 22
[2, 0, 9, 3, 3, 1, 8, 4, 4, 5, 6]; 63
[1, 0, 3, 5, 5, 2, 9, 9, 7, 8, 4]; 231
[4, 2, 0, 9, 3, 6, 1, 8, 5, 7, 7]; 42
[3, 9, 1, 7, 7, 6, 2, 0, 4, 8, 5]; 1
[6, 3, 8, 2, 0, 4, 1, 7, 5, 9, 9]; 6
[3, 5, 9, 1, 1, 1, 4, 4, 2, 8, 7]; 18
[7, 1, 6, 2, 0, 5, 8, 4, 9, 3, 3]; 48
[9, 3, 7, 0, 6, 2, 1, 4, 8, 5, 5]; 29
[3, 2, 8, 4, 0, 9, 9, 6, 5, 1, 7]; 20
[7, 7, 4, 2, 0, 9, 3, 8, 8, 1, 5]; 13
[4, 2, 7, 1, 0, 9, 3, 8, 6, 5, 5]; 54
[1, 7, 5, 0, 3, 9, 4, 2, 2, 8, 6]; 70
[2, 6, 6, 3, 3, 5, 9, 1, 1, 1, 7]; 4
[1, 4, 2, 2, 0, 7, 6, 6, 6, 6, 3]; 51
[3, 9, 9, 0, 4, 2, 1, 1, 7, 8, 5]; 3
[4, 4, 4, 2, 8, 8, 8, 6, 3, 1, 7]; 75
[0, 7, 1, 4, 2, 5, 6, 3, 3, 9, 8]; 143
[6, 6, 6, 3, 0, 7, 7, 7, 5, 2, 1]; 21
[6, 2, 7, 0, 8, 8, 4, 9, 3, 5, 1]; 108
[0, 9, 3, 4, 2, 8, 8, 7, 6, 5, 1]; 110
[1, 0, 2, 5, 4, 4, 9, 3, 8, 6, 7]; 228
[3, 5, 1, 9, 4, 2, 2, 8, 0, 6, 7]; 1
[0, 0, 0, 6, 3, 3, 1, 9, 4, 2, 7]; 22
[0, 3, 5, 1, 6, 2, 4, 8, 7, 9, 9]; 194
[3, 1, 0, 6, 2, 2, 9, 8, 4, 7, 5]; 125
[7, 3, 4, 2, 8, 8, 1, 5, 9, 6, 6]; 65
[7, 2, 5, 5, 6, 3, 3, 9, 4, 1, 1]; 25
[1, 6, 2, 4, 9, 3, 8, 8, 8, 7, 5]; 261
[1, 7, 6, 3, 0, 9, 4, 2, 8, 5, 5]; 55
[7, 3, 0, 8, 2, 2, 1, 5, 9, 9, 4]; 19
[5, 1, 0, 6, 2, 3, 3, 7, 9, 4, 8]; 183
[4, 2, 3, 8, 0, 7, 1, 9, 5, 6, 3]; 9
[0, 6, 6, 6, 2, 1, 1, 4, 4, 5, 9]; 6
[0, 9, 3, 8, 2, 2, 1, 1, 6, 6, 5]; 2
[6, 3, 0, 9, 8, 4, 4, 2, 5, 7, 1]; 62
[8, 4, 4, 2, 9, 3, 6, 5, 5, 7, 7]; 174
[0, 3, 1, 9, 8, 4, 2, 2, 6, 5, 7]; 87
[0, 7, 3, 6, 2, 9, 8, 4, 1, 5, 5]; 49
[2, 0, 0, 7, 3, 4, 6, 8, 8, 5, 1]; 123
[7, 0, 4, 2, 9, 9, 3, 8, 8, 5, 5]; 205
[1, 0, 8, 2, 3, 5, 9, 7, 6, 4, 4]; 205
[8, 4, 2, 2, 3, 3, 7, 6, 6, 6, 5]; 164
[7, 7, 0, 9, 3, 2, 6, 5, 5, 1, 4]; 40
[6, 3, 0, 2, 8, 8, 4, 5, 1, 9, 7]; 59
[2, 0, 7, 8, 4, 6, 3, 5, 1, 9, 3]; 26
[8, 4, 2, 0, 3, 6, 5, 9, 1, 7, 7]; 45
[0, 0, 4, 2, 3, 1, 6, 9, 8, 8, 5]; 80
[5, 0, 3, 2, 6, 9, 4, 7, 7, 8, 1]; 134
[0, 4, 2, 3, 1, 1, 7, 8, 9, 6, 5]; 45
[3, 6, 2, 4, 5, 5, 8, 8, 7, 1, 9]; 86
[9, 3, 0, 7, 4, 2, 6, 5, 1, 8, 8]; 19
[9, 3, 5, 0, 4, 4, 2, 1, 1, 8, 7]; 4
[3, 1, 5, 5, 0, 6, 2, 7, 8, 4, 4]; 35
[0, 9, 3, 1, 4, 2, 8, 5, 7, 6, 2]; 133
[4, 2, 0, 0, 8, 5, 5, 7, 9, 9, 3]; 265
[4, 4, 4, 4, 2, 9, 3, 6, 7, 1, 8]; 39
[0, 3, 4, 2, 8, 5, 7, 9, 9, 6, 1]; 146
[5, 5, 5, 1, 0, 4, 4, 2, 2, 7, 9]; 24
[2, 4, 8, 0, 5, 6, 3, 1, 1, 7, 7]; 8
[2, 5, 7, 4, 4, 1, 6, 3, 8, 9, 9]; 84
[4, 2, 0, 7, 1, 8, 5, 9, 3, 6, 3]; 90
[7, 7, 7, 1, 1, 4, 2, 6, 3, 5, 8]; 34
[0, 3, 1, 8, 2, 5, 6, 9, 7, 4, 4]; 190
[7, 7, 7, 0, 4, 2, 3, 1, 8, 9, 6]; 11
[3, 5, 9, 0, 6, 2, 8, 4, 7, 1, 6]; 47
[9, 3, 3, 0, 7, 1, 2, 8, 4, 6, 5]; 70
[3, 4, 2, 0, 8, 1, 9, 9, 5, 7, 6]; 110
[3, 1, 0, 7, 2, 5, 6, 8, 8, 4, 9]; 242
[8, 8, 2, 3, 7, 6, 4, 4, 4, 9, 1]; 88
[4, 4, 2, 5, 5, 3, 8, 7, 9, 1, 6]; 65
[7, 1, 0, 3, 8, 2, 6, 6, 6, 5, 9]; 196
[3, 6, 2, 0, 7, 5, 9, 4, 1, 8, 2]; 35
[1, 1, 5, 4, 4, 2, 7, 8, 6, 3, 3]; 117
[1, 3, 0, 0, 2, 6, 5, 7, 8, 8, 4]; 185
[1, 7, 4, 2, 0, 6, 3, 5, 8, 9, 9]; 51
[9, 3, 0, 0, 8, 2, 1, 6, 7, 5, 4]; 31
[8, 2, 0, 7, 1, 4, 3, 6, 9, 5, 5]; 108
[5, 2, 2, 0, 6, 3, 3, 9, 4, 8, 8]; 129
[8, 8, 4, 2, 2, 7, 9, 3, 6, 6, 6]; 86
[4, 2, 3, 8, 0, 6, 9, 9, 5, 1, 7]; 15
[1, 0, 9, 3, 8, 2, 6, 6, 6, 4, 7]; 169
[6, 2, 0, 8, 4, 4, 1, 5, 7, 7, 9]; 53
[2, 1, 1, 0, 5, 4, 6, 3, 7, 9, 8]; 192
[8, 8, 4, 2, 0, 5, 6, 3, 7, 1, 9]; 8
[9, 3, 3, 1, 5, 6, 2, 8, 4, 7, 7]; 178
[4, 2, 5, 1, 0, 3, 8, 8, 6, 7, 9]; 67
[8, 4, 2, 0, 5, 5, 7, 1, 9, 3, 6]; 17
[2, 1, 7, 0, 6, 3, 3, 5, 4, 8, 9]; 107
[1, 7, 7, 9, 3, 6, 6, 2, 4, 8, 8]; 168
[2, 2, 2, 2, 2, 2, 6, 3, 3, 5, 9]; 49
[9, 9, 3, 3, 1, 7, 6, 2, 4, 8, 5]; 76
[3, 0, 4, 2, 5, 5, 7, 9, 1, 8, 6]; 61
[9, 3, 7, 7, 6, 2, 5, 8, 8, 4, 1]; 120
[0, 2, 8, 4, 7, 6, 3, 5, 5, 1, 9]; 42
[0, 8, 2, 3, 7, 7, 5, 5, 9, 6, 4]; 172
[2, 9, 9, 3, 3, 5, 7, 1, 1, 4, 6]; 14
[9, 3, 0, 8, 2, 6, 6, 5, 1, 4, 4]; 26
[4, 2, 0, 7, 8, 5, 6, 3, 3, 1, 9]; 52
[2, 6, 3, 5, 0, 8, 4, 1, 9, 7, 7]; 16
[9, 3, 0, 0, 8, 2, 6, 5, 5, 7, 1]; 81
[2, 6, 3, 9, 9, 7, 7, 8, 4, 5, 1]; 126
[6, 2, 7, 1, 0, 8, 4, 9, 3, 3, 5]; 44
[4, 2, 0, 3, 1, 8, 7, 6, 6, 6, 9]; 101
[3, 3, 3, 6, 2, 4, 9, 7, 5, 1, 1]; 17
[0, 8, 2, 1, 4, 4, 9, 3, 5, 6, 7]; 159
[5, 8, 8, 4, 2, 3, 9, 9, 1, 7, 7]; 36
[0, 9, 3, 7, 2, 8, 4, 4, 6, 5, 1]; 63
[0, 6, 6, 2, 5, 8, 4, 4, 9, 3, 3]; 125
[0, 5, 3, 4, 2, 2, 2, 1, 8, 8, 9]; 2
[0, 0, 0, 5, 5, 1, 2, 7, 4, 8, 6]; 80
[0, 5, 8, 4, 2, 2, 3, 9, 6, 7, 1]; 46
[4, 2, 9, 3, 8, 7, 1, 1, 1, 1, 1]; 9
[0, 6, 3, 7, 8, 4, 2, 9, 5, 1, 1]; 26
[6, 3, 3, 7, 5, 8, 4, 2, 9, 1, 1]; 27
[7, 4, 2, 5, 8, 1, 9, 3, 3, 3, 3]; 31
[9, 9, 3, 3, 8, 8, 2, 1, 4, 5, 7]; 24
[9, 3, 4, 2, 0, 8, 5, 6, 7, 7, 1]; 15
[0, 0, 6, 2, 7, 8, 4, 9, 3, 3, 3]; 124
[9, 9, 3, 2, 2, 4, 4, 4, 1, 1, 5]; 9
[4, 2, 8, 0, 9, 3, 5, 6, 7, 1, 1]; 33
[8, 2, 2, 2, 3, 3, 4, 7, 7, 1, 1]; 22
[2, 1, 5, 3, 4, 4, 4, 8, 9, 9, 7]; 198
[0, 4, 4, 2, 5, 6, 3, 8, 1, 7, 9]; 38
[1, 7, 7, 4, 2, 6, 6, 3, 5, 9, 8]; 169
[6, 2, 1, 5, 7, 8, 4, 4, 3, 3, 9]; 138
[9, 3, 1, 0, 7, 5, 5, 6, 2, 4, 8]; 179
[7, 4, 2, 0, 5, 3, 6, 6, 9, 8, 1]; 108
[2, 1, 6, 3, 0, 7, 5, 5, 4, 9, 9]; 54
[0, 2, 5, 5, 5, 5, 9, 3, 1, 1, 7]; 24
[0, 6, 3, 4, 2, 2, 1, 9, 8, 5, 7]; 15
[2, 9, 3, 1, 0, 6, 5, 8, 4, 4, 7]; 51
[3, 8, 2, 1, 0, 9, 7, 6, 4, 5, 5]; 57
[4, 2, 0, 0, 3, 7, 7, 9, 9, 1, 8]; 67
[0, 3, 1, 6, 2, 5, 5, 4, 4, 7, 8]; 146
[5, 3, 3, 3, 3, 1, 9, 8, 2, 2, 6]; 60
[4, 2, 7, 7, 8, 8, 8, 1, 6, 6, 3]; 43
[5, 1, 2, 6, 6, 3, 8, 8, 4, 9, 7]; 219
[3, 2, 6, 4, 4, 7, 7, 7, 8, 5, 9]; 212
[4, 2, 8, 0, 3, 5, 1, 1, 1, 7, 6]; 3
[5, 6, 3, 1, 0, 7, 9, 4, 2, 8, 4]; 49
[3, 0, 7, 7, 1, 8, 4, 2, 5, 6, 9]; 76
[1, 4, 4, 2, 0, 5, 5, 7, 6, 3, 8]; 51
[7, 1, 6, 3, 0, 9, 4, 2, 8, 5, 5]; 55
[4, 4, 2, 3, 8, 9, 1, 6, 5, 5, 5]; 49
[4, 2, 7, 8, 0, 3, 1, 6, 5, 9, 9]; 15
[3, 4, 2, 9, 0, 8, 8, 7, 6, 6, 5]; 67
[1, 0, 8, 4, 2, 3, 7, 5, 9, 6, 2]; 125
[9, 3, 2, 4, 0, 8, 1, 1, 6, 5, 7]; 1
[0, 6, 2, 4, 4, 8, 7, 5, 1, 9, 9]; 49
[0, 4, 2, 8, 3, 9, 1, 7, 5, 6, 3]; 31
[0, 2, 9, 3, 3, 3, 6, 4, 1, 5, 7]; 27
[4, 2, 0, 5, 1, 9, 3, 7, 8, 6, 6]; 137
[2, 2, 2, 4, 4, 7, 9, 3, 6, 5, 8]; 197
[4, 2, 3, 1, 0, 6, 8, 8, 9, 7, 7]; 66
[9, 9, 3, 3, 7, 7, 2, 2, 4, 1, 5]; 25
[2, 6, 3, 3, 4, 9, 7, 1, 8, 5, 5]; 49
[3, 0, 0, 6, 2, 7, 5, 1, 9, 9, 4]; 42
[5, 0, 3, 8, 8, 2, 9, 9, 6, 1, 7]; 68
[2, 8, 4, 0, 5, 6, 6, 3, 1, 7, 9]; 33
[1, 5, 0, 7, 2, 4, 8, 9, 9, 3, 6]; 230
[9, 3, 0, 6, 2, 7, 7, 8, 4, 5, 5]; 201
[7, 1, 1, 0, 4, 2, 9, 3, 3, 5, 8]; 70
[9, 3, 1, 7, 0, 5, 4, 2, 8, 6, 3]; 43
[1, 4, 2, 3, 3, 3, 3, 7, 9, 9, 8]; 105
[0, 3, 5, 9, 9, 6, 2, 2, 1, 8, 4]; 16
[3, 9, 0, 8, 8, 4, 4, 4, 2, 1, 5]; 23
[6, 3, 7, 1, 1, 5, 9, 4, 4, 2, 8]; 69
[8, 2, 1, 0, 4, 3, 7, 5, 9, 6, 2]; 148
[5, 0, 0, 8, 2, 1, 9, 3, 6, 7, 4]; 52
[7, 3, 1, 2, 6, 9, 9, 0, 8, 4, 5]; 1
[4, 2, 0, 0, 3, 1, 9, 8, 7, 6, 5]; 133
[0, 4, 2, 1, 3, 3, 8, 8, 8, 5, 6]; 211
[7, 7, 0, 0, 3, 6, 2, 1, 8, 4, 9]; 15
[4, 2, 0, 9, 3, 8, 8, 5, 1, 6, 7]; 59
[2, 1, 0, 3, 9, 7, 6, 8, 4, 5, 5]; 228
[9, 3, 2, 5, 1, 6, 6, 6, 7, 4, 4]; 89
[3, 7, 0, 9, 6, 2, 1, 8, 4, 5, 5]; 42
[3, 0, 4, 2, 6, 7, 5, 9, 1, 1, 8]; 21
[9, 9, 3, 1, 1, 2, 2, 6, 4, 7, 8]; 54
[5, 7, 0, 0, 2, 9, 3, 3, 6, 6, 8]; 140
[0, 4, 2, 2, 2, 7, 9, 3, 8, 6, 6]; 126
[2, 2, 2, 8, 4, 4, 6, 3, 9, 7, 1]; 95
[0, 7, 7, 8, 2, 3, 3, 1, 4, 6, 9]; 14
[8, 2, 0, 6, 3, 3, 4, 9, 7, 7, 1]; 88
[0, 2, 7, 8, 4, 4, 4, 9, 9, 3, 5]; 167
[0, 8, 4, 2, 5, 5, 7, 6, 3, 9, 9]; 172
[0, 8, 8, 2, 1, 4, 4, 6, 3, 7, 9]; 86
[5, 3, 0, 9, 9, 9, 1, 8, 4, 2, 6]; 13
[8, 2, 7, 1, 0, 5, 5, 5, 9, 3, 6]; 50
[0, 8, 4, 2, 2, 3, 5, 1, 9, 9, 6]; 16
[2, 0, 5, 5, 4, 6, 3, 1, 1, 8, 7]; 4
[8, 8, 4, 2, 7, 5, 5, 5, 5, 5, 9]; 118
[9, 3, 7, 7, 0, 6, 2, 4, 5, 8, 8]; 36
[0, 5, 7, 2, 1, 1, 4, 4, 9, 3, 8]; 38
[2, 4, 4, 0, 7, 7, 9, 3, 6, 1, 5]; 78
[8, 2, 0, 3, 1, 1, 5, 7, 4, 6, 9]; 43
[1, 7, 0, 9, 9, 3, 4, 2, 8, 5, 6]; 163
[0, 0, 2, 9, 3, 5, 8, 4, 7, 1, 6]; 59
[1, 1, 4, 2, 0, 7, 6, 3, 5, 9, 8]; 54
[4, 2, 8, 6, 3, 3, 3, 3, 1, 5, 7]; 12
[5, 8, 2, 0, 4, 4, 3, 6, 1, 1, 9]; 9
[3, 3, 1, 9, 4, 2, 8, 8, 8, 7, 7]; 169
[5, 7, 8, 2, 0, 9, 3, 1, 4, 6, 3]; 5
[9, 3, 7, 0, 2, 6, 6, 5, 4, 4, 1]; 51
[7, 4, 2, 8, 8, 8, 1, 1, 9, 3, 3]; 2
[6, 6, 3, 7, 0, 9, 5, 4, 4, 2, 8]; 38
[6, 6, 2, 7, 0, 4, 9, 9, 3, 1, 1]; 13
[6, 2, 8, 4, 0, 7, 9, 3, 5, 1, 7]; 20
[5, 3, 0, 8, 2, 1, 6, 9, 4, 7, 7]; 84
[2, 8, 4, 5, 9, 3, 3, 0, 7, 7, 6]; 1
[9, 3, 4, 2, 2, 6, 5, 5, 5, 7, 7]; 111
[3, 8, 2, 7, 0, 4, 1, 6, 9, 5, 5]; 12
[9, 9, 9, 3, 6, 2, 2, 8, 4, 1, 7]; 28
[3, 8, 4, 2, 2, 5, 9, 1, 6, 7, 7]; 34
[1, 0, 8, 2, 9, 3, 7, 7, 6, 5, 5]; 170
[3, 0, 6, 6, 2, 7, 8, 4, 9, 1, 1]; 31
[3, 5, 1, 0, 9, 9, 4, 2, 8, 6, 6]; 184
[4, 2, 6, 3, 0, 7, 1, 9, 8, 5, 5]; 21
[3, 3, 1, 5, 0, 2, 4, 8, 6, 9, 7]; 64
[9, 3, 0, 2, 2, 5, 4, 7, 6, 8, 1]; 73
[1, 2, 6, 3, 8, 8, 4, 4, 7, 5, 5]; 182
[8, 2, 5, 0, 3, 1, 6, 9, 4, 7, 7]; 88
[5, 5, 8, 4, 2, 6, 3, 3, 1, 7, 9]; 18
[7, 7, 9, 3, 8, 4, 4, 2, 1, 6, 6]; 27
[5, 3, 0, 8, 4, 2, 7, 7, 1, 9, 6]; 23
[0, 9, 9, 3, 6, 6, 2, 7, 5, 8, 8]; 181
[6, 2, 0, 5, 3, 7, 8, 4, 1, 9, 9]; 43
[2, 0, 9, 3, 3, 6, 8, 4, 1, 1, 7]; 22
[9, 9, 3, 3, 6, 2, 5, 1, 7, 4, 4]; 16
[0, 5, 1, 1, 1, 9, 3, 4, 4, 2, 8]; 64
[1, 2, 9, 3, 0, 6, 7, 8, 8, 4, 5]; 80
[6, 2, 7, 0, 8, 8, 4, 4, 3, 3, 9]; 134
[8, 2, 0, 5, 1, 3, 9, 7, 6, 4, 2]; 91
[0, 3, 3, 9, 4, 2, 1, 6, 6, 8, 5]; 32
[5, 8, 8, 4, 2, 6, 3, 9, 9, 9, 7]; 208
[1, 1, 5, 3, 2, 7, 4, 4, 8, 8, 9]; 177
[0, 0, 6, 3, 9, 9, 1, 7, 2, 4, 5]; 23
[3, 2, 0, 6, 1, 8, 4, 7, 7, 5, 9]; 121
[1, 1, 1, 1, 8, 2, 7, 6, 6, 3, 5]; 187
[0, 5, 5, 5, 8, 4, 2, 1, 9, 9, 3]; 21
[7, 1, 4, 2, 0, 9, 3, 8, 6, 5, 5]; 59
[1, 0, 3, 5, 7, 8, 2, 6, 6, 9, 4]; 198
[0, 5, 1, 4, 2, 8, 9, 3, 6, 7, 7]; 212
[7, 7, 0, 5, 8, 2, 2, 1, 6, 3, 9]; 13
[7, 1, 3, 0, 4, 4, 2, 5, 9, 9, 6]; 130
[9, 3, 0, 8, 4, 4, 2, 5, 6, 6, 6]; 115
[8, 2, 1, 3, 0, 9, 7, 7, 6, 4, 5]; 63
[1, 2, 3, 0, 8, 4, 7, 6, 9, 9, 5]; 232
[1, 0, 4, 2, 6, 3, 7, 5, 5, 9, 8]; 194
[1, 0, 7, 5, 9, 3, 3, 6, 2, 8, 4]; 149
[0, 9, 3, 2, 7, 8, 4, 1, 6, 5, 5]; 44
[0, 5, 7, 6, 3, 4, 2, 1, 1, 9, 8]; 4
[0, 8, 4, 2, 2, 2, 9, 3, 5, 1, 6]; 18
[9, 3, 2, 5, 1, 8, 4, 4, 6, 7, 7]; 93
[7, 8, 2, 1, 0, 5, 4, 6, 6, 3, 9]; 44
[0, 7, 9, 3, 1, 5, 8, 2, 6, 4, 4]; 61
[1, 3, 0, 9, 8, 8, 4, 2, 7, 7, 6]; 192
[6, 6, 2, 0, 9, 9, 3, 1, 7, 4, 5]; 51
[2, 0, 8, 4, 5, 5, 7, 1, 9, 3, 3]; 28
[1, 2, 2, 2, 8, 4, 5, 5, 9, 3, 6]; 170
[5, 1, 0, 8, 2, 3, 9, 7, 6, 4, 2]; 116
[3, 8, 4, 2, 0, 6, 6, 1, 5, 7, 9]; 7
[6, 6, 3, 3, 3, 5, 5, 1, 9, 8, 2]; 30
[0, 0, 8, 2, 5, 1, 4, 3, 6, 7, 7]; 74
[4, 2, 0, 3, 9, 1, 7, 6, 5, 8, 2]; 88
[7, 0, 9, 3, 1, 6, 6, 2, 2, 8, 4]; 43
[0, 0, 0, 4, 4, 2, 8, 6, 6, 3, 5]; 142
[7, 9, 3, 5, 5, 1, 1, 8, 4, 2, 6]; 14
[4, 2, 9, 3, 0, 5, 8, 1, 1, 1, 1]; 1
[0, 6, 6, 3, 5, 9, 9, 7, 4, 2, 1]; 106
[3, 6, 2, 4, 0, 8, 1, 7, 5, 9, 9]; 21
[0, 6, 2, 1, 1, 7, 9, 3, 4, 4, 8]; 84
[9, 3, 1, 5, 6, 2, 7, 8, 8, 8, 4]; 252
[2, 3, 6, 5, 1, 1, 1, 9, 4, 8, 7]; 18
[0, 5, 3, 7, 2, 6, 4, 1, 8, 8, 9]; 32
[8, 4, 2, 0, 9, 3, 7, 6, 1, 5, 5]; 38
[2, 1, 4, 6, 3, 3, 3, 9, 9, 9, 8]; 105
[4, 4, 4, 2, 2, 2, 9, 3, 7, 1, 1]; 10
[3, 9, 6, 6, 6, 2, 4, 4, 1, 5, 8]; 12
[0, 8, 4, 2, 5, 5, 6, 3, 7, 1, 9]; 44
[4, 4, 2, 7, 7, 7, 5, 6, 6, 3, 8]; 164
[1, 0, 5, 6, 3, 7, 4, 2, 2, 8, 9]; 69
[0, 3, 1, 7, 8, 4, 2, 6, 9, 5, 5]; 178
[2, 6, 6, 3, 1, 8, 4, 7, 5, 9, 9]; 134
[4, 2, 5, 8, 9, 9, 9, 9, 3, 1, 6]; 93
[6, 2, 8, 4, 0, 3, 3, 9, 7, 5, 1]; 17
[2, 0, 0, 3, 6, 1, 8, 4, 7, 5, 9]; 108
[1, 4, 2, 0, 5, 8, 6, 3, 7, 7, 9]; 226
[5, 1, 0, 4, 2, 2, 3, 9, 9, 6, 7]; 125
[0, 0, 8, 2, 1, 6, 3, 5, 5, 9, 7]; 96
[0, 4, 2, 6, 3, 8, 9, 9, 9, 5, 7]; 304
[7, 0, 0, 4, 2, 9, 3, 5, 8, 8, 1]; 85
[5, 0, 0, 4, 2, 8, 8, 9, 3, 1, 7]; 60
[0, 3, 9, 7, 2, 2, 1, 4, 6, 8, 8]; 22
[9, 3, 6, 2, 1, 8, 4, 4, 4, 5, 7]; 65
[2, 9, 3, 0, 5, 6, 1, 4, 8, 7, 7]; 55
[1, 6, 3, 9, 4, 2, 2, 8, 0, 7, 5]; 1
[6, 2, 4, 0, 8, 8, 1, 3, 7, 5, 5]; 35
[8, 2, 9, 3, 0, 6, 6, 4, 1, 5, 7]; 9
[0, 8, 2, 3, 7, 9, 1, 5, 4, 6, 6]; 45
[3, 2, 0, 0, 4, 4, 4, 4, 1, 8, 8]; 14
[0, 7, 1, 5, 9, 3, 4, 2, 8, 6, 2]; 113
[0, 6, 2, 1, 1, 9, 3, 4, 8, 8, 7]; 127
[9, 3, 0, 4, 2, 1, 6, 7, 8, 5, 5]; 83
[0, 5, 9, 3, 6, 2, 1, 8, 4, 7, 7]; 35
[3, 0, 6, 6, 2, 9, 4, 5, 8, 8, 7]; 222
[2, 5, 4, 9, 9, 9, 9, 3, 7, 6, 1]; 137
[3, 9, 7, 6, 2, 2, 5, 8, 4, 4, 1]; 47
[4, 4, 2, 6, 3, 5, 8, 9, 9, 7, 7]; 259
[3, 5, 7, 8, 8, 4, 2, 1, 1, 9, 6]; 2
[4, 2, 3, 0, 9, 6, 8, 8, 1, 7, 5]; 52
[3, 4, 2, 9, 0, 8, 5, 6, 1, 7, 7]; 12
[0, 0, 4, 2, 9, 3, 1, 6, 5, 8, 7]; 58
[0, 0, 8, 2, 7, 7, 5, 1, 3, 9, 6]; 62
[0, 4, 4, 2, 9, 3, 7, 1, 5, 8, 6]; 35
[4, 2, 2, 2, 5, 3, 9, 9, 7, 8, 6]; 287
[1, 7, 0, 0, 3, 4, 2, 5, 9, 8, 6]; 145
[6, 6, 2, 1, 7, 9, 9, 3, 8, 4, 5]; 222
[8, 4, 2, 1, 3, 5, 5, 0, 0, 9, 7]; 1
[2, 9, 3, 0, 8, 4, 1, 6, 5, 7, 7]; 28
[5, 0, 7, 3, 2, 2, 4, 1, 8, 9, 6]; 8
[7, 7, 7, 2, 1, 9, 3, 5, 6, 6, 6]; 101
[5, 4, 2, 0, 7, 7, 6, 3, 9, 1, 8]; 63
[1, 3, 7, 5, 6, 2, 4, 9, 9, 9, 8]; 214
[1, 7, 4, 2, 0, 9, 3, 6, 5, 8, 4]; 68
[0, 2, 7, 3, 3, 6, 5, 1, 8, 4, 9]; 38
[0, 3, 4, 2, 8, 7, 6, 1, 5, 9, 9]; 58
[6, 3, 5, 0, 8, 4, 2, 1, 7, 9, 3]; 17
[7, 1, 2, 0, 8, 8, 8, 8, 4, 4, 9]; 170
[1, 5, 5, 5, 7, 6, 3, 9, 4, 4, 2]; 137
[6, 6, 3, 9, 0, 7, 4, 2, 5, 5, 1]; 14
[0, 9, 3, 6, 2, 2, 2, 2, 4, 8, 8]; 21
[8, 8, 8, 4, 2, 2, 9, 3, 3, 5, 6]; 77
[3, 5, 7, 0, 6, 2, 1, 8, 4, 9, 9]; 50
[9, 9, 3, 0, 4, 2, 2, 6, 8, 1, 7]; 13
[0, 4, 2, 2, 2, 9, 3, 8, 5, 1, 7]; 45
[0, 5, 9, 3, 8, 4, 2, 7, 1, 6, 2]; 21
[8, 8, 2, 0, 7, 6, 3, 3, 9, 1, 5]; 40
[3, 1, 6, 2, 2, 2, 7, 9, 9, 5, 5]; 93
[4, 2, 9, 3, 6, 1, 1, 1, 8, 7, 5]; 13
[6, 6, 2, 0, 9, 3, 5, 1, 7, 8, 4]; 43
[7, 7, 0, 2, 2, 9, 3, 5, 8, 4, 1]; 61
[3, 3, 3, 8, 4, 4, 2, 2, 6, 5, 9]; 89
[9, 3, 0, 2, 6, 6, 7, 4, 5, 1, 8]; 67
[6, 2, 8, 4, 4, 9, 3, 1, 1, 1, 5]; 4
[0, 0, 0, 8, 4, 2, 9, 3, 1, 7, 6]; 19
[1, 9, 3, 0, 7, 8, 4, 2, 6, 5, 5]; 167
[4, 2, 5, 5, 0, 8, 7, 9, 3, 1, 6]; 16
[3, 2, 6, 0, 5, 7, 4, 9, 8, 1, 5]; 71
[5, 0, 4, 2, 1, 3, 6, 7, 8, 9, 3]; 98
[0, 6, 3, 1, 4, 4, 2, 5, 7, 9, 8]; 143
[2, 0, 3, 7, 4, 4, 9, 6, 1, 1, 8]; 26
[5, 0, 8, 4, 2, 3, 6, 1, 7, 9, 9]; 22
[5, 3, 6, 2, 0, 4, 1, 1, 7, 8, 8]; 2
[8, 2, 0, 5, 1, 9, 3, 6, 7, 7, 4]; 119
[0, 0, 3, 5, 8, 4, 2, 6, 1, 9, 7]; 20
[1, 9, 3, 0, 6, 6, 2, 7, 4, 5, 5]; 135
[5, 7, 0, 3, 8, 4, 2, 2, 9, 9, 9]; 108
[0, 9, 3, 2, 2, 4, 4, 6, 6, 5, 7]; 82
[3, 0, 0, 6, 2, 4, 4, 4, 5, 7, 9]; 103
[0, 2, 3, 4, 1, 8, 5, 7, 6, 6, 9]; 103
[6, 2, 9, 3, 0, 4, 1, 8, 7, 5, 5]; 16
[3, 3, 7, 0, 6, 6, 2, 8, 4, 9, 1]; 82
[9, 3, 0, 6, 2, 2, 7, 4, 5, 1, 8]; 31
[0, 9, 9, 3, 3, 3, 4, 2, 8, 6, 1]; 55
[9, 3, 0, 2, 1, 8, 4, 6, 5, 7, 7]; 93
[5, 3, 8, 8, 8, 2, 2, 2, 4, 9, 1]; 29
[0, 6, 2, 8, 4, 3, 9, 7, 7, 5, 1]; 123
[0, 8, 8, 2, 2, 3, 7, 7, 1, 4, 6]; 23
[7, 0, 5, 5, 4, 2, 3, 1, 8, 9, 6]; 17
[1, 2, 2, 8, 8, 4, 6, 3, 5, 9, 7]; 206
[0, 6, 2, 8, 4, 7, 5, 1, 9, 3, 3]; 25
[3, 0, 2, 1, 7, 4, 5, 8, 9, 6, 2]; 260
[7, 0, 5, 6, 6, 2, 2, 3, 4, 1, 9]; 6
[1, 2, 7, 7, 0, 9, 3, 3, 5, 6, 8]; 39
[4, 2, 2, 2, 6, 3, 1, 8, 7, 5, 5]; 45
[6, 6, 3, 1, 1, 1, 7, 7, 5, 2, 2]; 11
[8, 4, 2, 0, 3, 1, 5, 5, 6, 7, 9]; 103
[0, 8, 4, 2, 9, 3, 5, 1, 6, 7, 7]; 41
[1, 2, 0, 8, 4, 7, 3, 3, 5, 6, 9]; 112
[0, 9, 9, 3, 3, 4, 4, 2, 8, 7, 5]; 128
[2, 6, 3, 0, 7, 9, 4, 1, 5, 8, 4]; 55
[0, 2, 9, 3, 7, 4, 6, 5, 1, 8, 8]; 40
[0, 2, 5, 3, 4, 1, 1, 1, 8, 7, 9]; 10
[8, 2, 7, 0, 3, 5, 1, 4, 9, 6, 6]; 41
[0, 0, 0, 9, 9, 3, 4, 4, 2, 5, 1]; 53
[0, 3, 9, 9, 2, 2, 2, 2, 2, 2, 8]; 10
[2, 9, 3, 3, 5, 4, 4, 1, 7, 7, 7]; 27
[0, 9, 3, 4, 2, 7, 6, 1, 5, 8, 4]; 33
[3, 0, 8, 2, 9, 9, 7, 6, 4, 5, 5]; 207
[9, 3, 0, 8, 4, 2, 1, 6, 5, 7, 7]; 25
[8, 2, 0, 5, 9, 9, 3, 7, 7, 7, 1]; 145
[5, 8, 2, 1, 0, 7, 6, 3, 4, 9, 3]; 34
[2, 0, 9, 3, 5, 4, 6, 1, 1, 7, 7]; 11
[7, 0, 0, 9, 3, 3, 1, 2, 6, 6, 4]; 28
[0, 6, 3, 9, 8, 8, 4, 2, 2, 5, 1]; 51
[0, 5, 9, 3, 6, 2, 1, 8, 4, 7, 7]; 35
[1, 8, 4, 2, 0, 5, 3, 6, 9, 9, 7]; 53
[0, 7, 6, 2, 5, 9, 3, 3, 8, 8, 4]; 201
[5, 0, 9, 3, 7, 2, 4, 6, 8, 1, 5]; 49
[8, 8, 4, 2, 5, 7, 1, 3, 6, 6, 6]; 54
[6, 6, 2, 0, 7, 4, 5, 3, 9, 8, 1]; 111
[2, 2, 0, 7, 4, 3, 9, 1, 5, 5, 6]; 28
[0, 2, 4, 4, 3, 6, 7, 9, 5, 1, 8]; 70
[4, 2, 1, 1, 0, 8, 3, 9, 5, 7, 7]; 65
[2, 2, 0, 8, 4, 9, 3, 5, 6, 1, 7]; 44
[2, 1, 0, 8, 4, 6, 3, 7, 5, 5, 9]; 186
[8, 2, 2, 9, 3, 5, 6, 1, 1, 4, 4]; 13
[7, 2, 0, 6, 3, 4, 1, 1, 5, 8, 9]; 10
[0, 5, 4, 2, 2, 3, 8, 7, 6, 1, 9]; 24
[2, 8, 4, 0, 9, 3, 1, 6, 5, 7, 7]; 45
[3, 2, 9, 0, 4, 1, 5, 6, 8, 7, 7]; 110
[0, 6, 3, 4, 4, 4, 4, 2, 9, 5, 1]; 53
[2, 4, 8, 1, 0, 6, 3, 5, 5, 9, 7]; 55
[1, 5, 9, 3, 3, 2, 2, 7, 8, 4, 6]; 89
[0, 9, 3, 8, 4, 2, 2, 2, 2, 1, 6]; 6
[8, 4, 2, 2, 6, 3, 1, 7, 5, 9, 9]; 50
[6, 2, 2, 0, 9, 3, 1, 8, 4, 7, 5]; 41
[9, 3, 0, 4, 4, 2, 7, 7, 1, 5, 5]; 24
[0, 0, 4, 2, 5, 5, 6, 3, 8, 9, 1]; 99
[7, 2, 5, 9, 9, 3, 3, 1, 4, 6, 6]; 26
[9, 3, 1, 6, 2, 2, 2, 4, 8, 5, 7]; 57
[6, 2, 0, 9, 3, 7, 1, 4, 4, 8, 5]; 38
[9, 3, 0, 4, 2, 1, 8, 8, 6, 7, 5]; 86
[5, 1, 0, 6, 3, 9, 2, 8, 4, 7, 7]; 171
[0, 5, 9, 9, 3, 6, 2, 2, 2, 7, 7]; 54
[2, 0, 4, 1, 6, 6, 3, 7, 8, 5, 9]; 203
[0, 0, 0, 8, 4, 2, 2, 1, 9, 9, 3]; 8
[1, 5, 7, 7, 2, 3, 6, 4, 4, 9, 8]; 114
[9, 9, 3, 0, 5, 1, 1, 7, 7, 2, 4]; 12
[1, 6, 2, 8, 4, 5, 5, 0, 3, 3, 9]; 1
[2, 6, 3, 5, 0, 4, 4, 1, 9, 7, 8]; 7
[4, 2, 0, 8, 7, 1, 9, 9, 3, 5, 5]; 98
[0, 4, 4, 4, 2, 1, 6, 3, 7, 9, 5]; 80
[4, 2, 0, 3, 1, 8, 8, 5, 9, 7, 6]; 108
[9, 3, 0, 2, 7, 1, 4, 4, 8, 5, 6]; 77
[0, 3, 7, 8, 4, 2, 6, 6, 1, 1, 1]; 7
[6, 3, 8, 2, 0, 5, 7, 9, 9, 9, 4]; 59
[9, 9, 3, 6, 2, 8, 4, 1, 5, 5, 7]; 21
[2, 0, 9, 9, 3, 7, 1, 5, 6, 8, 4]; 45
[4, 4, 2, 2, 6, 6, 3, 1, 8, 9, 9]; 41
[7, 0, 4, 2, 9, 3, 1, 1, 6, 8, 5]; 17
[2, 5, 0, 0, 6, 3, 8, 4, 7, 1, 9]; 57
[9, 3, 0, 8, 4, 2, 1, 6, 7, 7, 5]; 32
[7, 4, 4, 4, 4, 4, 4, 2, 8, 3, 5]; 85
[3, 0, 5, 2, 9, 1, 1, 8, 4, 4, 6]; 25
[0, 4, 2, 1, 8, 8, 9, 3, 5, 6, 7]; 207
[4, 2, 0, 3, 1, 7, 9, 5, 8, 6, 2]; 124
[6, 2, 5, 0, 9, 9, 3, 1, 4, 7, 8]; 41
[1, 3, 3, 0, 6, 2, 9, 4, 8, 5, 7]; 220
[1, 0, 0, 7, 2, 4, 5, 8, 9, 9, 3]; 233
[9, 3, 0, 8, 2, 1, 7, 5, 6, 4, 4]; 59
[9, 3, 0, 0, 4, 2, 6, 5, 7, 1, 8]; 26
[3, 9, 8, 2, 0, 7, 7, 1, 1, 1, 1]; 2
[9, 9, 3, 3, 0, 2, 1, 1, 8, 4, 7]; 1
[1, 0, 0, 5, 9, 3, 8, 4, 2, 7, 6]; 177
[2, 0, 8, 4, 4, 9, 3, 1, 5, 7, 6]; 31
[4, 2, 6, 3, 0, 7, 7, 1, 9, 5, 8]; 13
[8, 2, 0, 3, 5, 1, 6, 7, 9, 4, 4]; 86
[6, 2, 5, 0, 9, 3, 1, 4, 7, 8, 8]; 46
[2, 7, 3, 6, 4, 8, 5, 5, 5, 1, 9]; 63
[7, 0, 9, 3, 3, 3, 5, 2, 4, 1, 1]; 9
[9, 3, 3, 0, 4, 2, 7, 7, 8, 8, 5]; 116
[4, 2, 7, 1, 0, 9, 3, 6, 5, 5, 8]; 62
[3, 2, 2, 1, 0, 6, 7, 5, 5, 4, 9]; 50
[1, 2, 4, 6, 3, 3, 3, 8, 9, 9, 5]; 123
[4, 2, 0, 0, 3, 3, 1, 1, 5, 8, 6]; 3
[1, 9, 3, 3, 0, 4, 2, 7, 5, 8, 6]; 41
[4, 2, 9, 3, 0, 5, 6, 1, 7, 8, 8]; 13
[1, 4, 2, 7, 7, 6, 3, 0, 9, 9, 5]; 3
[2, 9, 3, 1, 1, 8, 8, 4, 6, 5, 5]; 111
[0, 7, 6, 3, 2, 1, 8, 4, 5, 9, 9]; 67
[6, 2, 1, 0, 4, 4, 8, 9, 9, 3, 5]; 231
[6, 3, 0, 9, 1, 2, 5, 5, 4, 7, 8]; 89
[8, 8, 2, 0, 7, 3, 1, 4, 6, 6, 9]; 50
[8, 8, 2, 0, 5, 1, 1, 9, 3, 7, 4]; 23
[1, 7, 7, 7, 9, 3, 2, 2, 8, 8, 4]; 113
[1, 0, 3, 8, 4, 2, 6, 5, 7, 9, 9]; 171
[9, 3, 5, 5, 8, 2, 1, 7, 4, 4, 6]; 32
[4, 4, 2, 3, 3, 6, 5, 9, 7, 8, 8]; 269
[9, 3, 0, 8, 8, 4, 2, 1, 6, 5, 7]; 14
[0, 0, 3, 4, 2, 7, 7, 6, 6, 9, 1]; 104
[8, 2, 0, 0, 5, 5, 5, 3, 4, 1, 6]; 42
[0, 9, 3, 5, 6, 2, 4, 1, 8, 7, 7]; 18
[4, 2, 2, 2, 0, 9, 3, 7, 1, 6, 5]; 4
[8, 2, 0, 3, 7, 9, 1, 4, 6, 6, 6]; 54
[5, 7, 3, 4, 4, 4, 4, 4, 2, 9, 6]; 83
[8, 2, 0, 3, 5, 1, 4, 6, 9, 7, 7]; 118
[5, 5, 0, 8, 4, 2, 6, 3, 9, 9, 1]; 72
[0, 8, 4, 2, 5, 3, 3, 1, 9, 9, 6]; 19
[1, 0, 7, 5, 5, 9, 9, 3, 2, 2, 2]; 59
[4, 2, 8, 5, 1, 1, 6, 3, 3, 9, 7]; 26
[3, 2, 7, 7, 0, 6, 8, 4, 1, 5, 9]; 12
[3, 7, 5, 5, 2, 4, 9, 6, 1, 8, 8]; 47
[7, 0, 2, 8, 4, 1, 6, 3, 9, 5, 5]; 84
[0, 5, 3, 8, 2, 1, 7, 4, 9, 9, 9]; 108
[5, 6, 6, 3, 0, 9, 1, 4, 2, 8, 7]; 11
[2, 3, 1, 0, 8, 4, 4, 4, 9, 5, 7]; 148
[0, 6, 6, 2, 1, 7, 5, 4, 9, 3, 8]; 110
[8, 8, 4, 2, 0, 5, 6, 3, 1, 9, 9]; 4
[5, 0, 3, 2, 4, 4, 8, 9, 1, 6, 7]; 38
[0, 8, 2, 2, 1, 6, 3, 5, 9, 7, 4]; 109
[0, 0, 3, 5, 9, 4, 2, 2, 6, 8, 7]; 106
[1, 2, 3, 7, 0, 4, 5, 8, 8, 6, 9]; 74
[0, 0, 7, 1, 1, 6, 3, 8, 4, 2, 5]; 72
[2, 4, 5, 3, 0, 8, 6, 9, 9, 7, 1]; 43
[2, 0, 4, 1, 7, 3, 5, 8, 9, 9, 9]; 208
[1, 5, 0, 3, 9, 4, 2, 7, 6, 8, 4]; 162
[0, 5, 5, 1, 8, 4, 2, 9, 3, 6, 7]; 147
[0, 4, 4, 2, 9, 3, 6, 7, 5, 5, 8]; 168
[8, 2, 0, 6, 3, 4, 1, 9, 7, 5, 5]; 51
[0, 5, 4, 2, 2, 8, 7, 7, 1, 3, 9]; 38
[3, 0, 8, 4, 2, 6, 9, 9, 1, 5, 7]; 43
[0, 6, 2, 1, 5, 4, 7, 9, 3, 8, 8]; 197
[0, 6, 3, 1, 9, 7, 2, 4, 5, 8, 2]; 118
[2, 3, 0, 8, 4, 9, 6, 1, 7, 5, 5]; 37
[8, 2, 5, 5, 0, 9, 3, 4, 4, 1, 6]; 12
[3, 1, 0, 0, 9, 6, 2, 5, 4, 7, 8]; 163
[8, 4, 4, 2, 1, 7, 6, 6, 3, 5, 9]; 101
[0, 5, 3, 1, 1, 7, 2, 2, 9, 9, 8]; 74
[8, 2, 0, 0, 3, 1, 5, 6, 9, 7, 4]; 79
[0, 6, 2, 7, 1, 4, 8, 8, 5, 9, 9]; 140
[0, 8, 2, 2, 2, 5, 6, 3, 7, 4, 9]; 114
[2, 6, 3, 1, 0, 5, 4, 8, 9, 7, 7]; 68
[8, 2, 6, 3, 0, 7, 5, 9, 9, 4, 1]; 39
[2, 3, 1, 5, 9, 8, 4, 0, 7, 6, 2]; 1
[0, 4, 2, 1, 9, 3, 6, 5, 7, 8, 2]; 207
[1, 0, 7, 6, 2, 5, 4, 8, 9, 3, 3]; 174
[5, 5, 8, 2, 2, 7, 9, 3, 6, 1, 4]; 45
[7, 6, 3, 5, 8, 8, 2, 4, 9, 1, 1]; 31
[5, 5, 0, 4, 2, 6, 3, 8, 7, 9, 1]; 88
[5, 6, 6, 6, 6, 3, 3, 0, 8, 2, 7]; 1
[3, 3, 0, 9, 7, 5, 6, 2, 4, 1, 8]; 44
[3, 0, 6, 2, 7, 1, 8, 4, 5, 9, 3]; 72
[4, 2, 2, 8, 0, 7, 1, 3, 3, 6, 6]; 9
[5, 6, 3, 3, 9, 4, 2, 2, 1, 1, 7]; 8
[1, 0, 5, 5, 2, 6, 3, 9, 7, 4, 4]; 153
[7, 0, 0, 4, 4, 4, 2, 2, 2, 3, 6]; 28
[4, 2, 8, 6, 3, 7, 5, 1, 1, 1, 9]; 6
[4, 2, 9, 3, 3, 3, 1, 6, 6, 7, 5]; 29
[1, 1, 9, 3, 0, 4, 2, 2, 8, 6, 7]; 32
[9, 3, 0, 8, 2, 1, 7, 4, 6, 5, 5]; 56
[3, 0, 8, 2, 7, 4, 1, 5, 6, 9, 3]; 55
[2, 9, 3, 1, 1, 5, 7, 6, 6, 6, 4]; 95
[3, 0, 4, 4, 2, 5, 5, 8, 6, 9, 7]; 216
[5, 7, 0, 3, 3, 1, 8, 4, 2, 6, 6]; 51
[6, 2, 5, 1, 1, 9, 3, 3, 8, 4, 7]; 78
[3, 9, 9, 6, 2, 7, 7, 5, 5, 8, 4]; 169
[2, 4, 6, 3, 0, 8, 9, 9, 1, 7, 7]; 21
[5, 5, 0, 7, 2, 8, 4, 3, 1, 9, 6]; 21
[5, 0, 8, 2, 6, 3, 3, 7, 4, 1, 1]; 13
[4, 2, 0, 8, 1, 9, 3, 7, 7, 6, 5]; 116
[5, 8, 4, 2, 0, 6, 3, 1, 1, 9, 9]; 4
[2, 9, 3, 0, 8, 4, 6, 1, 7, 5, 5]; 21
[1, 4, 2, 2, 0, 6, 3, 7, 9, 5, 8]; 76
[3, 7, 0, 8, 2, 2, 2, 4, 1, 5, 5]; 3
[9, 3, 0, 7, 4, 2, 5, 6, 6, 8, 1]; 74
[6, 2, 1, 4, 9, 3, 8, 8, 7, 7, 5]; 249
[0, 8, 4, 2, 5, 3, 6, 7, 1, 9, 3]; 38
[2, 7, 1, 0, 3, 9, 9, 4, 4, 5, 6]; 177
[4, 2, 0, 3, 6, 5, 7, 9, 8, 1, 8]; 74
[0, 3, 3, 3, 4, 2, 9, 7, 1, 6, 8]; 36
[2, 2, 3, 1, 9, 9, 8, 4, 4, 4, 4]; 95
[9, 3, 0, 7, 8, 2, 2, 1, 5, 4, 6]; 12
[7, 3, 3, 3, 6, 6, 2, 9, 4, 5, 8]; 168
[5, 9, 3, 2, 0, 4, 7, 7, 1, 6, 8]; 6
[6, 2, 7, 8, 4, 4, 1, 9, 9, 3, 5]; 38
[8, 4, 2, 2, 5, 7, 6, 3, 1, 1, 9]; 20
[0, 4, 2, 2, 1, 6, 3, 9, 9, 9, 5]; 123
[3, 4, 2, 9, 0, 8, 7, 5, 6, 1, 4]; 16
[7, 0, 0, 2, 2, 6, 3, 4, 5, 1, 1]; 9
[6, 2, 0, 7, 7, 1, 3, 9, 8, 4, 5]; 125
[1, 0, 9, 9, 3, 4, 2, 6, 5, 8, 7]; 134
[4, 2, 0, 6, 3, 3, 1, 7, 9, 5, 8]; 49
[6, 2, 5, 5, 4, 1, 9, 9, 3, 8, 7]; 92
[4, 2, 7, 0, 9, 3, 8, 5, 6, 1, 7]; 49
[3, 3, 4, 4, 4, 2, 1, 7, 9, 9, 6]; 23
[2, 3, 7, 0, 4, 1, 5, 8, 9, 6, 6]; 106
[5, 6, 2, 8, 8, 8, 4, 1, 7, 3, 9]; 43
[6, 3, 0, 2, 2, 8, 4, 1, 5, 9, 7]; 23
[1, 3, 5, 9, 8, 4, 2, 2, 2, 6, 6]; 43
[1, 6, 3, 4, 4, 2, 2, 0, 9, 8, 5]; 3
[1, 4, 2, 0, 7, 8, 6, 3, 3, 5, 5]; 153
[3, 6, 2, 5, 0, 8, 4, 4, 9, 7, 1]; 35
[0, 4, 2, 1, 3, 8, 5, 7, 6, 9, 9]; 268
[9, 3, 0, 0, 7, 1, 5, 4, 2, 6, 6]; 46
[0, 7, 5, 9, 3, 8, 4, 4, 2, 1, 6]; 45
[0, 3, 6, 2, 1, 1, 8, 4, 7, 7, 9]; 46
[0, 9, 3, 1, 7, 6, 6, 2, 2, 4, 5]; 97
[6, 6, 2, 4, 0, 8, 7, 3, 9, 9, 1]; 35
[4, 2, 0, 7, 7, 8, 6, 3, 3, 1, 9]; 62
[9, 3, 5, 0, 6, 2, 1, 8, 4, 4, 7]; 23
[4, 4, 2, 1, 5, 5, 5, 3, 8, 6, 9]; 141
[0, 4, 2, 1, 3, 3, 6, 8, 9, 7, 5]; 189
[0, 3, 5, 5, 8, 2, 7, 4, 4, 1, 9]; 33
[8, 4, 2, 1, 5, 3, 3, 7, 7, 7, 6]; 173
[3, 0, 2, 1, 5, 5, 4, 9, 8, 8, 7]; 237
[6, 6, 2, 0, 4, 1, 8, 5, 7, 3, 9]; 118
[1, 8, 2, 0, 7, 6, 3, 3, 4, 4, 9]; 106
[1, 4, 2, 0, 3, 3, 6, 8, 7, 5, 9]; 195
[2, 6, 3, 1, 0, 4, 4, 4, 8, 5, 9]; 40
[1, 0, 4, 4, 2, 5, 7, 9, 3, 6, 6]; 183
[4, 2, 8, 0, 5, 9, 3, 1, 7, 6, 6]; 54
[7, 5, 0, 8, 2, 2, 4, 3, 6, 6, 9]; 84
[4, 2, 1, 1, 1, 5, 8, 3, 3, 3, 3]; 43
[7, 4, 2, 5, 0, 8, 9, 9, 3, 6, 1]; 41
[0, 2, 1, 7, 6, 3, 8, 4, 5, 9, 9]; 213
[3, 0, 4, 2, 7, 5, 8, 1, 6, 9, 9]; 73
[0, 6, 3, 3, 5, 5, 4, 2, 1, 8, 9]; 14
[3, 0, 5, 5, 8, 4, 2, 9, 7, 6, 1]; 101
[4, 4, 2, 0, 9, 3, 8, 7, 5, 6, 1]; 88
[8, 4, 2, 7, 0, 6, 3, 1, 9, 9, 5]; 7
[4, 2, 3, 8, 0, 7, 7, 7, 7, 1, 5]; 5
[1, 0, 0, 8, 2, 5, 4, 9, 3, 7, 7]; 149
[1, 1, 2, 7, 0, 4, 3, 3, 9, 6, 5]; 44
[8, 4, 2, 7, 0, 9, 3, 1, 6, 6, 5]; 9
[6, 2, 4, 0, 8, 8, 1, 1, 1, 1, 9]; 5
[8, 4, 2, 1, 6, 6, 3, 3, 3, 3, 7]; 84
[0, 9, 3, 3, 5, 6, 6, 2, 8, 4, 1]; 83
[0, 4, 4, 2, 8, 7, 7, 7, 1, 5, 3]; 50
[3, 0, 6, 2, 5, 4, 7, 1, 9, 8, 2]; 24
[5, 1, 8, 2, 2, 2, 9, 3, 4, 7, 6]; 63
[0, 9, 3, 8, 4, 2, 1, 5, 6, 7, 7]; 30
[0, 7, 9, 3, 3, 3, 2, 1, 8, 4, 6]; 8
[1, 9, 3, 0, 4, 4, 2, 2, 7, 7, 7]; 79
[7, 1, 1, 1, 6, 3, 4, 4, 2, 8, 9]; 104
[0, 7, 1, 2, 6, 3, 3, 8, 4, 9, 9]; 152
[5, 5, 0, 4, 2, 1, 3, 8, 6, 7, 9]; 83
[0, 8, 2, 1, 5, 6, 3, 4, 7, 9, 9]; 193
[2, 3, 1, 7, 0, 9, 9, 9, 4, 4, 5]; 45
[5, 3, 1, 0, 8, 2, 7, 6, 4, 9, 9]; 207
[2, 3, 0, 5, 9, 9, 6, 6, 4, 1, 1]; 54
[8, 2, 0, 7, 9, 3, 5, 5, 1, 6, 4]; 18
[7, 9, 9, 3, 8, 4, 2, 2, 2, 1, 6]; 14
[6, 3, 3, 5, 0, 7, 1, 9, 8, 4, 2]; 10
[1, 5, 3, 0, 7, 9, 2, 4, 6, 8, 8]; 166
[6, 2, 0, 0, 4, 1, 3, 5, 5, 9, 7]; 66
[2, 0, 8, 4, 7, 5, 5, 3, 6, 9, 1]; 91
[0, 0, 0, 6, 2, 2, 4, 9, 3, 5, 5]; 87
[0, 6, 3, 2, 7, 8, 8, 4, 1, 5, 9]; 66
[5, 0, 0, 7, 1, 2, 8, 4, 6, 6, 3]; 83
[4, 2, 1, 9, 3, 8, 6, 6, 6, 7, 7]; 173
[3, 0, 7, 2, 4, 4, 9, 8, 5, 5, 6]; 215
[6, 3, 7, 0, 2, 5, 9, 1, 4, 8, 4]; 13
[6, 6, 2, 0, 4, 7, 3, 8, 5, 9, 1]; 117
[0, 0, 4, 4, 4, 2, 1, 3, 8, 6, 5]; 16
[6, 2, 5, 0, 9, 3, 1, 8, 4, 7, 7]; 40
[0, 7, 9, 3, 3, 3, 2, 2, 8, 4, 1]; 29
[9, 3, 0, 0, 4, 2, 1, 5, 5, 6, 7]; 12
[9, 3, 5, 2, 0, 6, 1, 4, 7, 7, 8]; 11
[3, 9, 9, 8, 4, 4, 2, 5, 1, 7, 6]; 14
[9, 3, 0, 8, 4, 4, 2, 6, 1, 1, 7]; 9
[0, 0, 4, 2, 1, 3, 3, 8, 5, 9, 9]; 77
[9, 3, 3, 0, 7, 4, 2, 1, 8, 6, 5]; 22
[0, 2, 5, 8, 4, 3, 3, 9, 1, 6, 7]; 21
[7, 8, 2, 0, 9, 9, 3, 3, 1, 5, 4]; 27
[9, 3, 3, 7, 4, 2, 2, 0, 5, 8, 6]; 1
[1, 4, 2, 7, 3, 6, 9, 5, 8, 8, 8]; 213
[2, 0, 5, 3, 9, 4, 6, 7, 1, 8, 2]; 34
[5, 9, 3, 0, 2, 1, 1, 8, 4, 6, 7]; 15
[1, 2, 8, 4, 4, 9, 3, 5, 6, 6, 6]; 152
[7, 7, 7, 7, 8, 2, 2, 2, 1, 1, 3]; 2
[0, 5, 2, 4, 8, 1, 7, 9, 3, 6, 6]; 85
[7, 3, 0, 2, 1, 9, 4, 5, 6, 6, 8]; 94
[5, 2, 4, 7, 0, 8, 3, 1, 6, 9, 3]; 5
[3, 3, 0, 7, 4, 2, 8, 6, 9, 5, 1]; 89
[6, 3, 3, 7, 8, 2, 1, 9, 5, 5, 5]; 53
[0, 4, 4, 4, 2, 1, 1, 1, 1, 3, 3]; 1
[5, 5, 8, 8, 2, 6, 3, 1, 1, 7, 7]; 5
[2, 5, 0, 8, 4, 1, 1, 6, 6, 3, 7]; 25
[4, 2, 0, 0, 9, 9, 3, 1, 7, 6, 5]; 32
[0, 0, 3, 6, 2, 4, 8, 5, 1, 1, 7]; 13
[0, 0, 4, 2, 1, 1, 1, 5, 7, 3, 6]; 15
[2, 3, 7, 9, 0, 5, 8, 4, 1, 1, 6]; 3
[7, 0, 6, 6, 3, 9, 2, 2, 8, 4, 1]; 38
[0, 0, 2, 7, 8, 4, 5, 5, 6, 6, 3]; 159
[3, 5, 0, 2, 8, 4, 4, 1, 6, 7, 7]; 34
[5, 5, 0, 7, 1, 6, 2, 8, 4, 4, 4]; 63
[7, 5, 9, 3, 0, 2, 1, 6, 8, 4, 4]; 9
[7, 3, 3, 4, 2, 2, 8, 9, 1, 6, 5]; 29
[0, 9, 3, 7, 5, 1, 4, 4, 2, 6, 8]; 57
[6, 3, 7, 0, 9, 8, 2, 5, 5, 1, 4]; 41
[6, 2, 8, 4, 4, 4, 7, 7, 3, 5, 1]; 69
[7, 7, 7, 1, 9, 3, 5, 6, 2, 2, 2]; 55
[9, 3, 0, 2, 7, 6, 4, 4, 5, 8, 8]; 170
[1, 6, 2, 0, 4, 5, 7, 9, 3, 8, 8]; 216
[5, 4, 2, 0, 3, 1, 1, 7, 6, 8, 8]; 15
[2, 1, 9, 3, 0, 7, 7, 8, 4, 5, 6]; 65
[0, 6, 2, 9, 3, 7, 7, 4, 8, 8, 1]; 108
[0, 9, 3, 5, 8, 8, 8, 2, 7, 6, 1]; 128
[7, 7, 5, 5, 5, 8, 4, 2, 2, 9, 3]; 85
[3, 2, 0, 4, 1, 1, 6, 9, 7, 8, 5]; 45
[1, 1, 0, 5, 5, 6, 2, 2, 2, 9, 3]; 52
[0, 4, 2, 7, 1, 5, 3, 8, 6, 6, 9]; 109
[4, 2, 2, 8, 9, 3, 1, 1, 5, 6, 7]; 22
[8, 4, 2, 0, 9, 3, 1, 7, 6, 5, 5]; 43
[9, 3, 0, 8, 8, 4, 2, 2, 6, 6, 1]; 30
[3, 0, 4, 2, 5, 7, 6, 8, 9, 1, 2]; 84
[1, 0, 7, 3, 4, 4, 2, 2, 5, 6, 8]; 65
[7, 3, 1, 2, 2, 5, 5, 6, 6, 4, 8]; 115
[9, 3, 0, 0, 2, 1, 4, 5, 5, 5, 5]; 29
[5, 7, 0, 2, 3, 9, 9, 4, 1, 8, 6]; 57
[6, 3, 3, 1, 7, 2, 5, 8, 4, 4, 9]; 141
[2, 9, 3, 0, 4, 7, 6, 5, 8, 1, 2]; 51
[6, 3, 9, 1, 0, 8, 2, 7, 5, 4, 4]; 36
[3, 3, 8, 8, 4, 2, 5, 5, 6, 7, 1]; 72
[3, 5, 0, 2, 1, 4, 6, 8, 9, 7, 7]; 124
[8, 2, 5, 5, 7, 7, 7, 4, 9, 3, 1]; 144
[8, 2, 0, 7, 9, 3, 1, 6, 5, 4, 4]; 39
[0, 8, 2, 2, 6, 3, 5, 1, 4, 4, 7]; 14
[3, 5, 5, 0, 8, 4, 2, 6, 7, 1, 1]; 22
[9, 9, 3, 2, 5, 5, 8, 4, 1, 6, 7]; 33
[3, 4, 2, 9, 0, 8, 8, 5, 1, 7, 6]; 13
[8, 4, 4, 2, 0, 5, 7, 6, 3, 1, 9]; 8
[8, 2, 7, 0, 9, 3, 3, 1, 5, 5, 6]; 37
[3, 3, 3, 1, 8, 4, 2, 2, 9, 6, 7]; 103
[8, 2, 2, 0, 9, 3, 6, 4, 4, 5, 1]; 68
[7, 4, 2, 2, 6, 3, 5, 5, 1, 1, 9]; 9
[6, 3, 0, 5, 2, 8, 4, 7, 1, 9, 9]; 41
[9, 3, 3, 5, 0, 6, 2, 2, 1, 4, 8]; 1
[6, 3, 0, 4, 2, 8, 7, 7, 1, 9, 9]; 44
[2, 2, 6, 6, 3, 1, 9, 5, 4, 7, 8]; 90
[2, 2, 7, 5, 8, 8, 4, 1, 9, 3, 6]; 46
[6, 2, 1, 4, 0, 3, 9, 9, 9, 7, 7]; 76
[9, 3, 0, 8, 4, 2, 2, 7, 6, 6, 6]; 96
[8, 8, 8, 4, 2, 6, 3, 7, 7, 7, 5]; 177
[5, 1, 4, 2, 0, 3, 8, 6, 6, 7, 9]; 70
[6, 3, 1, 0, 2, 4, 5, 5, 8, 7, 9]; 176
[5, 8, 2, 1, 1, 9, 3, 3, 3, 7, 7]; 73
[6, 6, 2, 8, 4, 7, 7, 1, 9, 9, 3]; 56
[0, 7, 3, 9, 6, 2, 4, 1, 5, 8, 4]; 19
[4, 2, 2, 3, 0, 6, 1, 1, 5, 8, 8]; 1
[3, 7, 0, 0, 8, 4, 2, 5, 6, 9, 1]; 77
[0, 2, 1, 7, 4, 3, 5, 6, 8, 9, 3]; 179
[4, 2, 1, 1, 1, 7, 7, 8, 8, 9, 3]; 150
[6, 2, 0, 4, 7, 9, 3, 8, 5, 1, 7]; 69
[6, 3, 0, 7, 7, 5, 5, 8, 8, 8, 2]; 229
[5, 3, 7, 7, 7, 9, 8, 4, 4, 4, 2]; 139
[1, 3, 0, 7, 2, 6, 4, 5, 8, 9, 9]; 214
[6, 3, 3, 0, 7, 4, 2, 2, 2, 2, 8]; 31
[0, 7, 9, 3, 2, 4, 5, 8, 6, 1, 1]; 21
[7, 9, 3, 0, 2, 4, 8, 8, 8, 6, 5]; 194
[1, 7, 3, 0, 4, 2, 6, 5, 9, 9, 8]; 122
[1, 1, 2, 0, 3, 4, 4, 7, 6, 5, 9]; 173
[3, 0, 7, 2, 2, 4, 1, 6, 6, 5, 5]; 19
[3, 3, 0, 5, 2, 9, 9, 6, 7, 4, 1]; 140
[1, 1, 1, 7, 4, 2, 5, 5, 3, 9, 6]; 101
[0, 9, 3, 7, 5, 5, 1, 6, 2, 8, 8]; 30
[2, 5, 9, 3, 0, 4, 1, 6, 6, 7, 8]; 17
[1, 2, 0, 0, 9, 3, 3, 5, 7, 4, 6]; 111
[5, 2, 2, 0, 3, 9, 9, 7, 7, 4, 4]; 205
[8, 4, 2, 3, 0, 7, 1, 5, 5, 6, 9]; 18
[9, 9, 3, 0, 5, 1, 4, 2, 8, 6, 7]; 45
[0, 8, 2, 6, 3, 7, 7, 1, 5, 4, 9]; 41
[9, 3, 6, 2, 0, 4, 4, 5, 5, 5, 5]; 28
[7, 3, 0, 8, 2, 9, 1, 1, 5, 4, 6]; 8
[2, 2, 0, 3, 1, 1, 5, 9, 7, 8, 4]; 53
[7, 8, 2, 0, 4, 1, 5, 3, 3, 9, 6]; 60
[5, 7, 6, 2, 2, 2, 1, 9, 3, 8, 4]; 13
[4, 2, 2, 7, 5, 1, 8, 3, 3, 3, 6]; 46
[8, 4, 4, 2, 9, 3, 3, 7, 5, 5, 1]; 85
[1, 7, 6, 6, 3, 5, 5, 9, 4, 4, 4]; 96
[0, 3, 2, 2, 2, 5, 1, 6, 9, 8, 4]; 35
[3, 3, 3, 0, 4, 2, 5, 5, 6, 7, 9]; 112
[2, 2, 0, 0, 4, 6, 3, 5, 9, 1, 7]; 39
[6, 3, 4, 2, 0, 7, 1, 9, 5, 8, 4]; 11
[0, 9, 3, 3, 7, 2, 2, 5, 6, 1, 1]; 15
[0, 7, 1, 6, 6, 2, 9, 3, 4, 5, 8]; 169
[0, 9, 3, 3, 1, 7, 6, 2, 4, 4, 5]; 54
[0, 8, 4, 2, 3, 5, 9, 1, 6, 7, 7]; 50
[2, 2, 8, 4, 0, 6, 3, 7, 5, 9, 1]; 30
[2, 5, 8, 8, 4, 9, 3, 0, 6, 6, 7]; 1
[2, 2, 2, 4, 0, 5, 1, 8, 6, 3, 7]; 11
[4, 2, 7, 0, 9, 3, 3, 6, 8, 1, 5]; 44
[3, 3, 0, 0, 7, 2, 2, 8, 4, 9, 5]; 110
[8, 2, 0, 9, 3, 1, 1, 1, 7, 4, 5]; 5
[6, 2, 8, 4, 0, 5, 9, 3, 1, 7, 7]; 10
[3, 9, 9, 1, 0, 6, 2, 2, 5, 8, 4]; 26
[3, 3, 0, 5, 1, 1, 7, 7, 7, 7, 8]; 30
[7, 8, 4, 4, 4, 2, 2, 2, 6, 6, 3]; 58
[9, 3, 5, 1, 1, 2, 2, 2, 6, 8, 4]; 16
[0, 6, 6, 6, 3, 1, 5, 5, 4, 2, 7]; 53
[0, 9, 9, 3, 3, 1, 6, 2, 4, 7, 8]; 72
[2, 0, 8, 4, 7, 7, 1, 1, 3, 3, 9]; 10
[7, 7, 0, 0, 4, 2, 1, 3, 6, 5, 9]; 16
[0, 2, 6, 3, 1, 1, 7, 9, 9, 5, 5]; 43
[7, 9, 3, 0, 4, 2, 8, 5, 6, 1, 7]; 27
[1, 2, 0, 7, 4, 8, 9, 3, 5, 6, 2]; 212
[6, 2, 2, 0, 3, 4, 9, 7, 1, 5, 8]; 52
[6, 3, 9, 0, 7, 1, 8, 4, 2, 5, 5]; 49
[0, 5, 7, 3, 4, 2, 9, 6, 8, 1, 2]; 15
[0, 7, 6, 6, 6, 3, 1, 9, 4, 2, 2]; 19
[9, 3, 0, 5, 1, 7, 2, 4, 8, 6, 6]; 105
[4, 2, 9, 3, 0, 5, 1, 8, 7, 6, 6]; 15
[9, 3, 4, 2, 0, 8, 6, 5, 7, 1, 1]; 7
[1, 2, 0, 7, 9, 3, 4, 4, 8, 6, 5]; 179
[5, 2, 3, 9, 0, 7, 4, 6, 1, 8, 8]; 10
[1, 1, 7, 7, 0, 3, 8, 2, 9, 5, 4]; 45
[9, 3, 0, 6, 2, 1, 7, 8, 4, 4, 5]; 65
[0, 2, 3, 1, 4, 8, 9, 9, 9, 5, 6]; 299
[0, 0, 0, 9, 3, 8, 8, 2, 6, 4, 1]; 72
[2, 0, 8, 4, 9, 3, 5, 7, 6, 1, 5]; 60
[1, 2, 0, 8, 4, 9, 9, 3, 6, 5, 7]; 216
[0, 3, 4, 2, 7, 5, 8, 6, 9, 1, 1]; 50
[7, 2, 3, 5, 6, 6, 9, 1, 1, 1, 8]; 12
[2, 6, 3, 9, 0, 8, 4, 5, 7, 1, 1]; 9
[7, 0, 0, 4, 2, 5, 9, 3, 6, 1, 8]; 42
[6, 2, 5, 5, 8, 4, 1, 7, 7, 9, 3]; 52
[3, 5, 1, 9, 0, 4, 2, 6, 7, 8, 4]; 34
[9, 3, 3, 3, 7, 8, 2, 2, 2, 1, 4]; 20
[7, 0, 9, 3, 8, 4, 2, 1, 6, 5, 5]; 16
[9, 3, 3, 0, 2, 2, 7, 4, 4, 5, 1]; 18
[3, 0, 9, 6, 2, 4, 4, 8, 7, 1, 5]; 43
[0, 3, 1, 6, 2, 4, 4, 7, 5, 9, 8]; 149
[3, 2, 0, 0, 8, 4, 4, 6, 9, 7, 5]; 193
[2, 0, 4, 4, 7, 8, 5, 1, 3, 6, 9]; 53
[3, 8, 8, 4, 2, 7, 6, 6, 6, 6, 9]; 197
[6, 2, 8, 4, 0, 3, 5, 1, 9, 7, 7]; 7
[7, 0, 8, 2, 3, 4, 1, 9, 6, 6, 5]; 44
[2, 5, 0, 8, 4, 1, 9, 3, 6, 7, 7]; 97
[7, 3, 1, 0, 2, 5, 4, 8, 6, 6, 9]; 202
[5, 5, 1, 3, 4, 4, 2, 7, 8, 8, 9]; 150
[9, 3, 5, 2, 0, 4, 8, 6, 7, 7, 1]; 17
[7, 8, 2, 0, 6, 6, 3, 4, 5, 9, 9]; 167
[1, 1, 6, 3, 0, 8, 2, 5, 5, 5, 7]; 48
[7, 5, 8, 4, 4, 2, 3, 3, 9, 9, 1]; 47
[5, 5, 8, 4, 4, 2, 1, 6, 3, 9, 9]; 25
[3, 7, 5, 5, 5, 1, 6, 2, 2, 8, 4]; 36
